0 325  2.45176 31.7014   -105625 0
100 1958  4.20479 1776.36   -3.83376e+06 0
200 2425  4.20479 2853.55   -5.88062e+06 0
300 2743  4.76757 3751.31   -7.52405e+06 0
400 2940  5.11931 4582.14   -8.6436e+06 0
500 3112  5.25128 5358.52   -9.68454e+06 0
600 3245  5.48521 6042.36   -1.053e+07 0
700 3385  6.82256 6734.45   -1.14582e+07 0
800 3480  6.82256 7302.18   -1.21104e+07 0
900 3594  6.82256 7853.09   -1.29168e+07 0
1000 3667  6.82256 8330.68   -1.34469e+07 0
1100 3742  6.86331 8747.89   -1.40026e+07 0
1200 3828  7.10808 9161.39   -1.46536e+07 0
1300 3901  7.41167 9581.49   -1.52178e+07 0
1400 3957  7.41167 9970.17   -1.56578e+07 0
1500 4009  7.77622 10315.4   -1.60721e+07 0
1600 4056  7.77622 10602.1   -1.64511e+07 0
1700 4109  7.77622 10929.9   -1.68839e+07 0
1800 4156  7.77622 11231.7   -1.72723e+07 0
1900 4214  7.77622 11501.1   -1.77578e+07 0
2000 4264  7.77622 11788.8   -1.81817e+07 0
2100 4315  7.96465 12069.1   -1.86192e+07 0
2200 4358  7.96465 12326.1   -1.89922e+07 0
2300 4405  8.17913 12569.2   -1.9404e+07 0
2400 4458  8.39774 12828.1   -1.98738e+07 0
2500 4496  8.39774 13051.2   -2.0214e+07 0
2600 4529  8.39774 13257.4   -2.05118e+07 0
2700 4559  8.55679 13446.5   -2.07845e+07 0
2800 4593  8.55679 13652.6   -2.10956e+07 0
2900 4617  8.77207 13825.5   -2.13167e+07 0
3000 4662  8.77207 14014.5   -2.17342e+07 0
3100 4700  8.77207 14221.4   -2.209e+07 0
3200 4730  8.77207 14398.3   -2.23729e+07 0
3300 4750  8.77207 14582.9   -2.25625e+07 0
3400 4780  8.77207 14736.4   -2.28484e+07 0
3500 4820  8.77207 14900.8   -2.32324e+07 0
3600 4848  8.77207 15069.1   -2.35031e+07 0
3700 4880  8.77207 15230   -2.38144e+07 0
3800 4908  8.83583 15400.9   -2.40885e+07 0
3900 4937  8.83583 15587.9   -2.4374e+07 0
4000 4964  8.99916 15768.9   -2.46413e+07 0
4100 5002  9.20887 15910.1   -2.502e+07 0
4200 5023  9.20887 16054.9   -2.52305e+07 0
4300 5046  9.20887 16226.6   -2.54621e+07 0
4400 5062  9.20887 16368.4   -2.56238e+07 0
4500 5085  9.20887 16514.3   -2.58572e+07 0
4600 5114  9.20887 16655.4   -2.6153e+07 0
4700 5133  9.20887 16793.3   -2.63477e+07 0
4800 5147  9.20887 16920.5   -2.64916e+07 0
4900 5168  9.20887 17063.1   -2.67082e+07 0
5000 5186  9.20887 17177.3   -2.68946e+07 0
5100 5202  9.20887 17299.3   -2.70608e+07 0
5200 5227  9.20887 17414.9   -2.73215e+07 0
5300 5236  9.2854 17522.9   -2.74157e+07 0
5400 5246  9.31306 17632.6   -2.75205e+07 0
5500 5264  9.39948 17743.1   -2.77097e+07 0
5600 5284  9.39948 17868.9   -2.79207e+07 0
5700 5299  9.47572 17989   -2.80794e+07 0
5800 5313  9.47572 18121.5   -2.8228e+07 0
5900 5320  9.61002 18226.4   -2.83024e+07 0
6000 5332  9.75539 18337.4   -2.84302e+07 0
6100 5345  9.75539 18435.6   -2.8569e+07 0
6200 5356  9.75539 18550.7   -2.86867e+07 0
6300 5373  9.75539 18645.6   -2.88691e+07 0
6400 5387  9.75539 18755.6   -2.90198e+07 0
6500 5399  10.1527 18872.8   -2.91492e+07 0
6600 5415  10.1527 18990.3   -2.93222e+07 0
6700 5433  10.1527 19102   -2.95175e+07 0
6800 5448  10.1527 19212.7   -2.96807e+07 0
6900 5470  10.1527 19317.6   -2.99209e+07 0
7000 5489  10.1527 19422.9   -3.01291e+07 0
7100 5500  10.1527 19522.7   -3.025e+07 0
7200 5511  10.1527 19631.1   -3.03711e+07 0
7300 5523  10.177 19733.2   -3.05035e+07 0
7400 5539  10.177 19827.9   -3.06805e+07 0
7500 5553  10.177 19933.9   -3.08358e+07 0
7600 5563  10.177 20018.7   -3.0947e+07 0
7700 5575  10.3052 20121.1   -3.10806e+07 0
7800 5580  10.3052 20209.4   -3.11364e+07 0
7900 5596  10.3052 20302.3   -3.13152e+07 0
8000 5607  10.3052 20403.7   -3.14384e+07 0
8100 5623  10.3052 20497.8   -3.16181e+07 0
8200 5630  10.3052 20590.9   -3.16969e+07 0
8300 5639  10.3052 20689.7   -3.17983e+07 0
8400 5648  10.3052 20777.2   -3.18999e+07 0
8500 5659  10.3052 20862.5   -3.20243e+07 0
8600 5667  10.3052 20960.1   -3.21149e+07 0
8700 5676  10.3052 21055.3   -3.2217e+07 0
8800 5692  10.3052 21147   -3.23989e+07 0
8900 5698  10.3052 21222.5   -3.24672e+07 0
9000 5704  10.3052 21315.1   -3.25356e+07 0
9100 5714  10.3052 21402.1   -3.26498e+07 0
9200 5726  10.5178 21497.1   -3.27871e+07 0
9300 5731  10.6319 21569.9   -3.28444e+07 0
9400 5746  10.6319 21659.9   -3.30165e+07 0
9500 5760  10.6319 21751.1   -3.31776e+07 0
9600 5768  10.6319 21830.7   -3.32698e+07 0
9700 5777  10.6319 21896.9   -3.33737e+07 0
9800 5780  10.6319 21972   -3.34084e+07 0
9900 5791  10.6319 22068.6   -3.35357e+07 0
10000 5797  10.6586 22154   -3.36052e+07 0
10100 5811  10.6586 22248.3   -3.37677e+07 0
10200 5820  10.6586 22332.7   -3.38724e+07 0
10300 5828  10.6586 22423.7   -3.39656e+07 0
10400 5838  10.6586 22496.9   -3.40822e+07 0
10500 5846  10.6586 22569.1   -3.41757e+07 0
10600 5854  10.6586 22653.5   -3.42693e+07 0
10700 5858  10.6586 22726.5   -3.43162e+07 0
10800 5864  10.6725 22795.7   -3.43865e+07 0
10900 5869  10.6725 22857.6   -3.44452e+07 0
11000 5873  10.6725 22922.7   -3.44921e+07 0
11100 5878  10.6725 22984.1   -3.45509e+07 0
11200 5882  10.6725 23045.9   -3.45979e+07 0
11300 5884  10.6725 23096.7   -3.46215e+07 0
11400 5888  10.6725 23153.8   -3.46685e+07 0
11500 5890  10.6725 23212   -3.46921e+07 0
11600 5894  10.6725 23267.7   -3.47392e+07 0
11700 5896  10.6725 23324   -3.47628e+07 0
11800 5900  10.6725 23380.9   -3.481e+07 0
11900 5909  10.6725 23449.8   -3.49163e+07 0
12000 5911  10.6725 23491.5   -3.49399e+07 0
12100 5918  10.6725 23545.4   -3.50227e+07 0
12200 5922  10.6725 23606.1   -3.50701e+07 0
12300 5928  10.9449 23652.8   -3.51412e+07 0
12400 5931  10.9449 23704.9   -3.51768e+07 0
12500 5937  10.9449 23757.6   -3.5248e+07 0
12600 5942  10.9449 23812.7   -3.53074e+07 0
12700 5943  10.9449 23855.7   -3.53192e+07 0
12800 5945  10.9449 23906.6   -3.5343e+07 0
12900 5952  10.9449 23964   -3.54263e+07 0
13000 5955  10.9449 24009   -3.5462e+07 0
13100 5958  10.9449 24057.9   -3.54978e+07 0
13200 5963  10.9449 24114.6   -3.55574e+07 0
13300 5966  10.9449 24161.1   -3.55932e+07 0
13400 5971  10.9449 24218.3   -3.56528e+07 0
13500 5974  10.9449 24275   -3.56887e+07 0
13600 5979  10.9449 24339.9   -3.57484e+07 0
13700 5982  11.0737 24383.5   -3.57843e+07 0
13800 5985  11.0737 24442.8   -3.58202e+07 0
13900 5987  11.0737 24491.9   -3.58442e+07 0
14000 5992  11.0737 24555.7   -3.59041e+07 0
14100 5993  11.0737 24612.8   -3.5916e+07 0
14200 5995  11.0737 24665.1   -3.594e+07 0
14300 6001  11.0737 24717.7   -3.6012e+07 0
14400 6006  11.0737 24768.7   -3.6072e+07 0
14500 6009  11.0737 24823.7   -3.61081e+07 0
14600 6013  11.0737 24873.8   -3.61562e+07 0
14700 6014  11.0737 24924.4   -3.61682e+07 0
14800 6018  11.0737 24982.9   -3.62163e+07 0
14900 6024  11.0737 25036   -3.62886e+07 0
15000 6027  11.0737 25085   -3.63247e+07 0
15100 6028  11.0737 25133.6   -3.63368e+07 0
15200 6030  11.0737 25183.2   -3.63609e+07 0
15300 6033  11.0737 25222.3   -3.63971e+07 0
15400 6039  11.0737 25262.9   -3.64695e+07 0
15500 6044  11.0737 25306.9   -3.65299e+07 0
15600 6051  11.0737 25355.7   -3.66146e+07 0
15700 6054  11.0737 25391.1   -3.66509e+07 0
15800 6057  11.0737 25424.5   -3.66872e+07 0
15900 6058  11.0737 25466.6   -3.66994e+07 0
16000 6060  11.0737 25514.1   -3.67236e+07 0
16100 6064  11.0737 25559.7   -3.67721e+07 0
16200 6069  11.0737 25595.7   -3.68328e+07 0
16300 6073  11.0737 25645.2   -3.68813e+07 0
16400 6077  11.0737 25682.9   -3.69299e+07 0
16500 6078  11.0737 25725.4   -3.69421e+07 0
16600 6082  11.0737 25765   -3.69907e+07 0
16700 6084  11.0737 25798.7   -3.70151e+07 0
16800 6086  11.0737 25837.7   -3.70394e+07 0
16900 6088  11.0737 25873.4   -3.70637e+07 0
17000 6089  11.0737 25914.4   -3.70759e+07 0
17100 6091  11.0737 25954.7   -3.71003e+07 0
17200 6096  11.0737 25988.6   -3.71612e+07 0
17300 6097  11.0737 26032.5   -3.71734e+07 0
17400 6099  11.0737 26065.1   -3.71978e+07 0
17500 6103  11.1534 26098   -3.72466e+07 0
17600 6106  11.3058 26142.3   -3.72832e+07 0
17700 6108  11.3058 26182.4   -3.73077e+07 0
17800 6109  11.3058 26211.4   -3.73199e+07 0
17900 6113  11.3058 26246.5   -3.73688e+07 0
18000 6114  11.3058 26276.2   -3.7381e+07 0
18100 6116  11.3058 26310.3   -3.74055e+07 0
18200 6121  11.3058 26344.3   -3.74666e+07 0
18300 6124  11.3058 26378.5   -3.75034e+07 0
18400 6125  11.3058 26409.8   -3.75156e+07 0
18500 6129  11.3058 26441.2   -3.75646e+07 0
18600 6132  11.3616 26466.3   -3.76014e+07 0
18700 6133  11.3616 26496.4   -3.76137e+07 0
18800 6136  11.3616 26533   -3.76505e+07 0
18900 6141  11.3616 26570.2   -3.77119e+07 0
19000 6145  11.3616 26602.1   -3.7761e+07 0
19100 6147  11.3616 26636.1   -3.77856e+07 0
19200 6150  11.3616 26671.3   -3.78225e+07 0
19300 6153  11.3616 26702.6   -3.78594e+07 0
19400 6155  11.3616 26730.4   -3.7884e+07 0
19500 6160  11.3616 26761.9   -3.79456e+07 0
19600 6163  11.3616 26791.3   -3.79826e+07 0
19700 6166  11.4439 26824.1   -3.80196e+07 0
19800 6171  11.4439 26854.7   -3.80812e+07 0
19900 6173  11.4439 26889.2   -3.81059e+07 0
20000 6176  11.4439 26925.2   -3.8143e+07 0
20100 6178  11.4439 26956.3   -3.81677e+07 0
20200 6183  11.5255 26991   -3.82295e+07 0
20300 6187  11.5255 27023   -3.8279e+07 0
20400 6190  11.5255 27058   -3.83161e+07 0
20500 6192  11.5255 27089.9   -3.83409e+07 0
20600 6194  11.5255 27117   -3.83656e+07 0
20700 6197  11.5255 27146   -3.84028e+07 0
20800 6198  11.5255 27181.4   -3.84152e+07 0
20900 6201  11.5255 27216.8   -3.84524e+07 0
21000 6206  11.6731 27247.8   -3.85144e+07 0
21100 6209  11.6731 27274.7   -3.85517e+07 0
21200 6212  11.6731 27308.2   -3.85889e+07 0
21300 6215  11.6731 27342.6   -3.86262e+07 0
21400 6216  11.6731 27368.7   -3.86387e+07 0
21500 6217  11.6731 27394.9   -3.86511e+07 0
21600 6218  11.8338 27430.5   -3.86635e+07 0
21700 6219  11.8338 27459.4   -3.8676e+07 0
21800 6222  11.8338 27492.4   -3.87133e+07 0
21900 6224  11.8338 27517.4   -3.87382e+07 0
22000 6225  11.8338 27547.9   -3.87506e+07 0
22100 6227  11.8338 27573   -3.87755e+07 0
22200 6230  11.8338 27603.2   -3.88129e+07 0
22300 6231  11.8338 27628.1   -3.88254e+07 0
22400 6232  11.8338 27653.4   -3.88378e+07 0
22500 6232  11.8338 27684.8   -3.88378e+07 0
22600 6234  11.8338 27706   -3.88628e+07 0
22700 6234  11.8338 27723.2   -3.88628e+07 0
22800 6235  11.8338 27749.8   -3.88752e+07 0
22900 6236  11.8338 27780.7   -3.88877e+07 0
23000 6236  11.8338 27798.9   -3.88877e+07 0
23100 6238  11.8338 27827.6   -3.89126e+07 0
23200 6238  11.8338 27851.4   -3.89126e+07 0
23300 6238  11.8338 27878.1   -3.89126e+07 0
23400 6240  11.8338 27907.2   -3.89376e+07 0
23500 6242  11.8338 27930.1   -3.89626e+07 0
23600 6242  11.8338 27959.3   -3.89626e+07 0
23700 6243  11.8338 27980.8   -3.8975e+07 0
23800 6244  11.8338 28004.8   -3.89875e+07 0
23900 6245  11.8338 28024.4   -3.9e+07 0
24000 6247  11.8338 28049.6   -3.9025e+07 0
24100 6248  11.8338 28074.9   -3.90375e+07 0
24200 6251  11.8338 28097.9   -3.9075e+07 0
24300 6254  11.8338 28127.7   -3.91125e+07 0
24400 6254  11.8338 28153.8   -3.91125e+07 0
24500 6255  11.8338 28187.1   -3.9125e+07 0
24600 6257  11.8338 28215.2   -3.915e+07 0
24700 6257  11.8338 28231.6   -3.915e+07 0
24800 6259  11.8338 28258.7   -3.91751e+07 0
24900 6261  11.8338 28284   -3.92001e+07 0
25000 6261  11.8338 28310.3   -3.92001e+07 0
25100 6261  11.8338 28332.1   -3.92001e+07 0
25200 6265  11.8338 28354   -3.92502e+07 0
25300 6267  11.8338 28374.4   -3.92753e+07 0
25400 6268  11.8338 28401.5   -3.92878e+07 0
25500 6269  11.8338 28423.5   -3.93004e+07 0
25600 6271  11.8338 28450.8   -3.93254e+07 0
25700 6274  11.8338 28479   -3.93631e+07 0
25800 6274  11.8338 28504.8   -3.93631e+07 0
25900 6274  11.8338 28526.3   -3.93631e+07 0
26000 6276  11.8338 28546.4   -3.93882e+07 0
26100 6277  11.9907 28564.9   -3.94007e+07 0
26200 6279  11.9907 28586.3   -3.94258e+07 0
26300 6279  11.9907 28611.4   -3.94258e+07 0
26400 6281  12 28642.9   -3.9451e+07 0
26500 6281  12 28666.6   -3.9451e+07 0
26600 6281  12 28686   -3.9451e+07 0
26700 6281  12 28713.9   -3.9451e+07 0
26800 6282  12 28734.6   -3.94635e+07 0
26900 6282  12 28751.6   -3.94635e+07 0
27000 6284  12 28771.8   -3.94887e+07 0
27100 6286  12 28792   -3.95138e+07 0
27200 6288  12 28814.7   -3.95389e+07 0
27300 6288  12 28834.8   -3.95389e+07 0
27400 6289  12 28863.9   -3.95515e+07 0
27500 6289  12 28886.6   -3.95515e+07 0
27600 6291  12 28909.6   -3.95767e+07 0
27700 6291  12 28931.3   -3.95767e+07 0
27800 6292  12 28955.8   -3.95893e+07 0
27900 6292  12.0987 28973.5   -3.95893e+07 0
28000 6292  12.0987 28992.5   -3.95893e+07 0
28100 6293  12.0987 29013.9   -3.96018e+07 0
28200 6293  12.0987 29036.8   -3.96018e+07 0
28300 6295  12.0987 29062.6   -3.9627e+07 0
28400 6296  12.0987 29092.7   -3.96396e+07 0
28500 6296  12.0987 29116.7   -3.96396e+07 0
28600 6297  12.0987 29138.6   -3.96522e+07 0
28700 6297  12.0987 29159.5   -3.96522e+07 0
28800 6298  12.0987 29181.2   -3.96648e+07 0
28900 6300  12.0987 29201.4   -3.969e+07 0
29000 6300  12.0987 29223.5   -3.969e+07 0
29100 6301  12.0987 29245.7   -3.97026e+07 0
29200 6303  12.0987 29264.8   -3.97278e+07 0
29300 6305  12.5201 29289.6   -3.9753e+07 0
29400 6305  12.6788 29307.8   -3.9753e+07 0
29500 6307  12.6788 29332.7   -3.97782e+07 0
29600 6307  12.6788 29346.2   -3.97782e+07 0
29700 6309  12.6788 29361.1   -3.98035e+07 0
29800 6310  12.6788 29382.2   -3.98161e+07 0
29900 6312  12.6788 29397   -3.98413e+07 0
30000 6314  12.6788 29423   -3.98666e+07 0
30100 6314  12.6788 29436.6   -3.98666e+07 0
30200 6315  12.6788 29454.7   -3.98792e+07 0
30300 6316  12.6788 29469.9   -3.98919e+07 0
30400 6316  12.6788 29485.7   -3.98919e+07 0
30500 6316  12.6788 29508.6   -3.98919e+07 0
30600 6317  12.6788 29528.7   -3.99045e+07 0
30700 6319  12.6788 29549   -3.99298e+07 0
30800 6319  12.6788 29562.4   -3.99298e+07 0
30900 6319  12.6788 29578.7   -3.99298e+07 0
31000 6319  12.6788 29595.6   -3.99298e+07 0
31100 6319  12.6788 29611.4   -3.99298e+07 0
31200 6319  12.6788 29631.1   -3.99298e+07 0
31300 6319  12.6788 29647.7   -3.99298e+07 0
31400 6320  12.6788 29665.2   -3.99424e+07 0
31500 6321  12.6788 29679   -3.9955e+07 0
31600 6321  12.6788 29695.5   -3.9955e+07 0
31700 6321  12.6788 29719.2   -3.9955e+07 0
31800 6321  12.6788 29729.5   -3.9955e+07 0
31900 6321  12.6788 29747.7   -3.9955e+07 0
32000 6321  12.6788 29760.2   -3.9955e+07 0
32100 6321  12.6788 29783.8   -3.9955e+07 0
32200 6321  12.6788 29799.6   -3.9955e+07 0
32300 6321  12.6788 29814.9   -3.9955e+07 0
32400 6323  12.6788 29829.1   -3.99803e+07 0
32500 6324  12.6788 29846.9   -3.9993e+07 0
32600 6324  12.6788 29866.5   -3.9993e+07 0
32700 6324  12.6788 29882.7   -3.9993e+07 0
32800 6324  12.6788 29899.3   -3.9993e+07 0
32900 6324  12.6788 29920.2   -3.9993e+07 0
33000 6324  12.6788 29934.2   -3.9993e+07 0
33100 6325  12.6788 29956.2   -4.00056e+07 0
33200 6326  12.6788 29967.3   -4.00183e+07 0
33300 6326  12.6788 29982.5   -4.00183e+07 0
33400 6327  12.6788 30000.6   -4.00309e+07 0
33500 6327  12.6788 30018.9   -4.00309e+07 0
33600 6329  12.6788 30036.1   -4.00562e+07 0
33700 6330  12.6788 30052.9   -4.00689e+07 0
33800 6332  12.6788 30070.5   -4.00942e+07 0
33900 6333  12.6788 30086.6   -4.01069e+07 0
34000 6334  12.6788 30103.2   -4.01196e+07 0
34100 6335  12.6788 30116.1   -4.01322e+07 0
34200 6335  12.6788 30129.5   -4.01322e+07 0
34300 6335  12.6788 30148.4   -4.01322e+07 0
34400 6336  12.6788 30166.1   -4.01449e+07 0
34500 6337  12.6788 30192.8   -4.01576e+07 0
34600 6339  12.6788 30215.1   -4.01829e+07 0
34700 6339  12.6788 30233   -4.01829e+07 0
34800 6339  12.6788 30249.6   -4.01829e+07 0
34900 6339  12.6788 30264.7   -4.01829e+07 0
35000 6339  12.6788 30280.8   -4.01829e+07 0
35100 6339  12.6788 30293.8   -4.01829e+07 0
35200 6339  12.6788 30308.1   -4.01829e+07 0
35300 6340  12.6788 30324.2   -4.01956e+07 0
