0 119  1.68131 0.163007   -3837 183.041
100 3033  3.02061 2484.35   -2.26839e+06 81915.4
200 3801  3.39179 4087.25   -3.16353e+06 104945
300 4309  3.75553 5384.55   -3.75276e+06 116893
400 4677  3.96062 6475.71   -4.18207e+06 125420
500 4971  4.70003 7459.28   -4.53314e+06 131843
600 5144  4.8718 8247.95   -4.7467e+06 135221
700 5322  4.89062 8987.01   -4.9547e+06 139013
800 5453  5.23443 9636.25   -5.12238e+06 141884
900 5564  5.5398 10249.1   -5.25012e+06 144967
1000 5672  5.5398 10817.4   -5.38486e+06 147361
1100 5769  5.54189 11374   -5.50017e+06 149183
1200 5850  5.54189 11871.2   -5.60315e+06 150508
1300 5911  5.54189 12321.5   -5.67958e+06 151619
1400 5974  5.55872 12775.6   -5.7562e+06 152816
1500 6023  5.93528 13179   -5.81764e+06 153600
1600 6075  5.93528 13567.3   -5.8869e+06 154897
1700 6122  5.93528 13924.7   -5.94421e+06 156157
1800 6176  5.93528 14297.7   -6.02092e+06 157373
1900 6224  5.93528 14668.2   -6.08084e+06 158084
2000 6264  5.93528 14995.8   -6.13069e+06 159062
2100 6303  5.93528 15312.9   -6.1818e+06 159870
2200 6329  5.93528 15574.7   -6.21321e+06 160362
2300 6356  5.93528 15857.9   -6.24553e+06 160672
2400 6386  5.93528 16155.1   -6.28664e+06 160989
2500 6409  5.93528 16438.5   -6.3202e+06 161457
2600 6434  5.93528 16690.4   -6.35132e+06 162135
2700 6456  5.93528 16973.3   -6.37972e+06 162649
2800 6482  5.93528 17202.2   -6.41197e+06 163069
2900 6509  5.93528 17433.4   -6.44324e+06 163460
3000 6529  6.05226 17651.4   -6.46864e+06 163732
3100 6550  6.05226 17861.9   -6.4973e+06 164033
3200 6570  6.05226 18071.5   -6.52126e+06 164374
3300 6588  6.1147 18295.3   -6.54487e+06 164755
3400 6604  6.17476 18483.9   -6.56562e+06 164997
3500 6623  6.17476 18664.1   -6.59522e+06 165279
3600 6639  6.17476 18837.9   -6.61872e+06 165492
3700 6657  6.17476 18997   -6.64715e+06 165766
3800 6671  6.17476 19161   -6.6676e+06 166106
3900 6681  6.22688 19325.3   -6.68179e+06 166239
4000 6696  6.44275 19524.7   -6.70389e+06 166435
4100 6715  6.5377 19686.7   -6.73353e+06 166793
4200 6726  6.5377 19835.7   -6.75167e+06 167016
4300 6742  6.5377 19996.7   -6.77677e+06 167645
4400 6754  6.5377 20163.2   -6.79563e+06 167863
4500 6766  6.653 20313.4   -6.81213e+06 168067
4600 6772  6.653 20461.3   -6.82221e+06 168382
4700 6780  6.8511 20606.6   -6.8325e+06 168463
4800 6790  6.8511 20758.8   -6.84716e+06 168672
4900 6802  6.8511 20889.6   -6.86141e+06 168787
5000 6809  6.8511 21027.4   -6.8712e+06 168983
5100 6820  6.8511 21184.5   -6.88325e+06 169153
5200 6830  6.8511 21305.4   -6.89722e+06 169323
5300 6840  6.8511 21436.4   -6.90766e+06 169396
5400 6848  6.8511 21556.1   -6.91688e+06 169537
5500 6854  6.8511 21664.1   -6.92506e+06 169624
5600 6871  6.8511 21801.8   -6.95011e+06 169767
5700 6878  6.8511 21915.4   -6.95824e+06 169842
5800 6888  6.8511 22038.6   -6.97263e+06 170041
5900 6903  6.96928 22160.4   -6.99028e+06 170382
6000 6909  6.96928 22275   -6.99901e+06 170443
6100 6921  6.96928 22394.7   -7.01853e+06 170800
6200 6929  6.96928 22501.9   -7.03031e+06 170865
6300 6936  6.96928 22625.7   -7.04199e+06 171007
6400 6944  6.96928 22710   -7.05277e+06 171131
6500 6959  6.96928 22810.2   -7.07308e+06 171381
6600 6967  6.96928 22913   -7.08163e+06 171444
6700 6977  6.96928 23004.2   -7.09236e+06 171583
6800 6986  6.96928 23098.6   -7.10516e+06 171664
6900 6995  6.96928 23193.1   -7.11412e+06 171787
7000 7005  6.96928 23285.2   -7.1284e+06 171949
7100 7013  6.96928 23367.5   -7.13776e+06 172056
7200 7021  6.96928 23461   -7.14694e+06 172137
7300 7030  7.11491 23543.2   -7.1586e+06 172292
7400 7040  7.44659 23636.3   -7.17245e+06 172503
7500 7049  7.44659 23718.1   -7.18497e+06 172520
7600 7057  7.44659 23792.6   -7.19725e+06 172563
7700 7062  7.44659 23876.4   -7.20228e+06 172631
7800 7068  7.44659 23955.1   -7.21223e+06 172860
7900 7083  7.44659 24035.7   -7.22975e+06 173064
8000 7092  7.44659 24115.6   -7.24141e+06 173236
8100 7101  7.44659 24192.3   -7.25605e+06 173486
8200 7108  7.44659 24270.6   -7.26889e+06 173686
8300 7119  7.44659 24352.5   -7.28478e+06 173838
8400 7125  7.44659 24424.4   -7.29179e+06 173867
8500 7133  7.44659 24493.2   -7.3021e+06 173919
8600 7150  7.44659 24575.3   -7.32702e+06 174096
8700 7159  7.47337 24644.1   -7.33849e+06 174212
8800 7166  7.47337 24709.8   -7.35059e+06 174333
8900 7173  7.47337 24798.4   -7.36154e+06 174396
9000 7182  7.48535 24879.8   -7.37334e+06 174459
9100 7188  7.48535 24961.6   -7.38137e+06 174546
9200 7193  7.48535 25035.2   -7.38947e+06 174694
9300 7204  7.48535 25117.9   -7.40183e+06 174810
9400 7213  7.77343 25204.9   -7.41264e+06 174937
9500 7217  7.77343 25267.9   -7.41824e+06 175002
9600 7221  7.77343 25336.4   -7.42434e+06 175026
9700 7228  7.77343 25393.1   -7.4352e+06 175028
9800 7233  7.77343 25448.8   -7.44102e+06 175060
9900 7235  7.82329 25503.1   -7.4455e+06 175202
10000 7242  7.82329 25576.2   -7.45412e+06 175326
10100 7247  7.82329 25638   -7.4594e+06 175436
10200 7252  7.82329 25696   -7.46761e+06 175542
10300 7257  7.82329 25756.8   -7.47544e+06 175590
10400 7266  7.82329 25834.4   -7.48884e+06 175692
10500 7273  7.82329 25892.5   -7.50038e+06 175942
10600 7279  7.82329 25945.6   -7.50712e+06 176012
10700 7284  7.82329 26006.7   -7.51478e+06 176050
10800 7285  7.82329 26062.2   -7.51532e+06 176096
10900 7288  7.82329 26121.3   -7.51838e+06 176143
11000 7289  7.82329 26166.8   -7.51923e+06 176172
11100 7291  7.82329 26224.1   -7.52152e+06 176218
11200 7296  7.82329 26279.3   -7.52608e+06 176303
11300 7298  7.82329 26336.4   -7.52819e+06 176338
11400 7301  7.82329 26392.1   -7.53155e+06 176374
11500 7305  7.82329 26439.8   -7.53624e+06 176443
11600 7309  7.82329 26507.1   -7.53972e+06 176519
11700 7312  7.82329 26563.7   -7.54262e+06 176579
11800 7315  7.86819 26618.8   -7.54656e+06 176563
11900 7316  7.86819 26672.5   -7.54799e+06 176551
12000 7316  7.96341 26729.1   -7.54799e+06 176551
12100 7322  8.12553 26780   -7.55627e+06 176584
12200 7326  8.12553 26832.9   -7.5615e+06 176629
12300 7330  8.12553 26877.3   -7.56725e+06 176649
12400 7332  8.12553 26919.1   -7.56978e+06 176642
12500 7334  8.12553 26967.6   -7.57253e+06 176653
12600 7338  8.12553 27023.2   -7.57631e+06 176721
12700 7341  8.12553 27069.7   -7.58176e+06 176751
12800 7349  8.12553 27120.9   -7.59244e+06 176855
12900 7352  8.12553 27162.9   -7.59613e+06 176900
13000 7354  8.12553 27201   -7.59878e+06 176907
13100 7355  8.12553 27250.9   -7.6004e+06 176910
13200 7359  8.12553 27294.7   -7.60507e+06 176952
13300 7362  8.12553 27358.8   -7.61014e+06 177001
13400 7363  8.12553 27397.8   -7.61136e+06 177015
13500 7363  8.12553 27438.5   -7.61136e+06 177015
13600 7363  8.12553 27474.1   -7.61136e+06 177015
13700 7364  8.12553 27517.8   -7.61263e+06 177014
13800 7366  8.12553 27569.1   -7.61584e+06 177050
13900 7368  8.12553 27607.5   -7.61814e+06 177071
14000 7371  8.12553 27646.9   -7.622e+06 177090
14100 7373  8.12553 27688.1   -7.62564e+06 177103
14200 7375  8.12553 27736.1   -7.62904e+06 177144
14300 7377  8.12553 27775.8   -7.63316e+06 177239
14400 7379  8.12553 27809.6   -7.63509e+06 177278
14500 7383  8.12553 27869.4   -7.64069e+06 177322
14600 7387  8.12553 27920.4   -7.64696e+06 177361
14700 7390  8.12553 27964.2   -7.65045e+06 177353
14800 7391  8.12553 28004.2   -7.65155e+06 177352
14900 7392  8.12553 28043.8   -7.65333e+06 177371
15000 7394  8.12553 28078.2   -7.6577e+06 177509
15100 7397  8.12553 28119.4   -7.6611e+06 177586
15200 7400  8.12553 28165.4   -7.66714e+06 177764
15300 7402  8.12553 28207.7   -7.66944e+06 177782
15400 7404  8.12553 28239.1   -7.67293e+06 177829
15500 7405  8.14254 28278.9   -7.67396e+06 177834
15600 7408  8.14254 28319.2   -7.67881e+06 177951
15700 7412  8.14254 28361.9   -7.68509e+06 178056
15800 7414  8.14254 28404.9   -7.68731e+06 178061
15900 7417  8.14254 28443.6   -7.69196e+06 178071
16000 7420  8.1621 28481.3   -7.69528e+06 178104
16100 7420  8.1621 28515.1   -7.69528e+06 178104
16200 7424  8.1621 28550.1   -7.69896e+06 178244
16300 7429  8.1621 28585.8   -7.70457e+06 178339
16400 7430  8.20818 28625.3   -7.70606e+06 178330
16500 7433  8.20818 28662.7   -7.7085e+06 178404
16600 7436  8.20818 28702.8   -7.71205e+06 178435
16700 7441  8.20818 28744.4   -7.71994e+06 178487
16800 7443  8.20818 28781.8   -7.72251e+06 178557
16900 7446  8.20818 28823.2   -7.72629e+06 178563
17000 7447  8.20818 28866.1   -7.72737e+06 178572
17100 7449  8.20818 28911.5   -7.72965e+06 178586
17200 7453  8.20818 28947.8   -7.73393e+06 178640
17300 7455  8.20818 28986   -7.73568e+06 178676
17400 7456  8.20818 29015.4   -7.73729e+06 178657
17500 7458  8.27215 29054.7   -7.73896e+06 178706
17600 7459  8.27215 29084.2   -7.73998e+06 178709
17700 7459  8.27215 29120.1   -7.73998e+06 178709
17800 7459  8.27215 29152.2   -7.73998e+06 178709
17900 7462  8.27215 29191.6   -7.74256e+06 178788
18000 7463  8.27833 29220.6   -7.74361e+06 178789
18100 7465  8.27833 29256.4   -7.7456e+06 178801
18200 7470  8.27833 29291.9   -7.75293e+06 178913
18300 7473  8.27833 29328.6   -7.75718e+06 178946
18400 7477  8.27833 29370.1   -7.76264e+06 179062
18500 7481  8.27833 29400.6   -7.76771e+06 179063
18600 7482  8.27833 29425.2   -7.76981e+06 179072
18700 7483  8.27833 29459.1   -7.77177e+06 179112
18800 7486  8.27833 29491.5   -7.77591e+06 179171
18900 7487  8.40617 29520.2   -7.77719e+06 179170
19000 7488  8.40617 29550.3   -7.77876e+06 179155
19100 7491  8.40617 29585.4   -7.78497e+06 179263
19200 7491  8.40617 29619.6   -7.78497e+06 179263
19300 7492  8.40617 29652.4   -7.78685e+06 179241
19400 7492  8.40617 29680.2   -7.78685e+06 179241
19500 7492  8.40617 29710.8   -7.78685e+06 179241
19600 7492  8.40617 29741.2   -7.78685e+06 179241
19700 7494  8.40617 29774.1   -7.78917e+06 179288
19800 7497  8.40617 29805.9   -7.79204e+06 179345
19900 7498  8.40617 29842.2   -7.79436e+06 179396
20000 7501  8.40617 29877.8   -7.79839e+06 179379
20100 7501  8.40617 29907.6   -7.79839e+06 179379
20200 7502  8.40617 29941.2   -7.79877e+06 179441
20300 7504  8.40617 29973.5   -7.80171e+06 179500
20400 7505  8.40617 30009.8   -7.80304e+06 179501
20500 7506  8.40617 30042.3   -7.80471e+06 179510
20600 7507  8.40617 30072.7   -7.80557e+06 179522
20700 7509  8.40617 30102.8   -7.80814e+06 179540
20800 7511  8.40617 30135   -7.81114e+06 179566
20900 7515  8.40617 30166.4   -7.81697e+06 179601
21000 7515  8.40617 30201.6   -7.81697e+06 179601
21100 7516  8.40617 30238.4   -7.81779e+06 179623
21200 7520  8.46545 30277.6   -7.82161e+06 179683
21300 7521  8.46545 30314.3   -7.82298e+06 179673
21400 7522  8.46545 30341.6   -7.8233e+06 179743
21500 7523  8.46545 30375.9   -7.82432e+06 179751
21600 7525  8.46545 30400.9   -7.82571e+06 179807
21700 7526  8.46545 30429.9   -7.82716e+06 179804
21800 7526  8.46545 30458.7   -7.82716e+06 179804
21900 7526  8.46545 30483.5   -7.82716e+06 179804
22000 7528  8.46545 30513.7   -7.83093e+06 179845
22100 7528  8.46545 30539.9   -7.83093e+06 179845
22200 7530  8.46545 30575.2   -7.83289e+06 179868
22300 7534  8.46545 30610.7   -7.84059e+06 179960
22400 7539  8.46545 30644.5   -7.84722e+06 180049
22500 7542  8.46545 30675.1   -7.8499e+06 180079
22600 7545  8.46545 30710.1   -7.85384e+06 180127
22700 7549  8.46545 30743.1   -7.85913e+06 180159
22800 7550  8.46545 30777.6   -7.86102e+06 180161
22900 7550  8.46545 30808.7   -7.86102e+06 180161
23000 7554  8.46545 30845.5   -7.8656e+06 180272
23100 7556  8.46545 30881.2   -7.86797e+06 180285
23200 7559  8.46545 30911.1   -7.87082e+06 180343
23300 7561  8.46545 30941.8   -7.87237e+06 180391
23400 7562  8.46545 30965.2   -7.87344e+06 180396
23500 7565  8.46545 30991.7   -7.87623e+06 180459
23600 7566  8.46545 31017.9   -7.87734e+06 180470
23700 7567  8.46545 31045   -7.87821e+06 180482
23800 7571  8.46545 31076   -7.88182e+06 180542
23900 7573  8.46545 31106   -7.88474e+06 180549
24000 7574  8.46545 31131.1   -7.88539e+06 180585
24100 7576  8.46545 31170.4   -7.88869e+06 180705
24200 7578  8.46545 31196.8   -7.89048e+06 180748
24300 7583  8.50361 31226   -7.8989e+06 180849
24400 7584  8.50361 31252.3   -7.90046e+06 180839
24500 7586  8.50361 31280.8   -7.90337e+06 180867
24600 7586  8.50361 31309   -7.90337e+06 180867
24700 7589  8.50361 31333.7   -7.90692e+06 180892
24800 7589  8.50361 31361.2   -7.90692e+06 180892
24900 7590  8.50361 31394.1   -7.90851e+06 180884
25000 7592  8.50361 31422.9   -7.91044e+06 180908
25100 7592  8.55124 31451.9   -7.91044e+06 180908
25200 7593  8.55124 31481.3   -7.91334e+06 180987
25300 7594  8.55124 31518.9   -7.91504e+06 180964
25400 7595  8.55124 31546.3   -7.91655e+06 180982
25500 7599  8.73924 31576.4   -7.92404e+06 181156
25600 7600  8.73924 31613.6   -7.92514e+06 181159
25700 7602  8.73924 31645.9   -7.92897e+06 181247
25800 7605  8.73924 31675.2   -7.9335e+06 181300
25900 7606  8.73924 31702.4   -7.93495e+06 181295
26000 7606  8.73924 31732.1   -7.93495e+06 181295
26100 7608  8.73924 31765.8   -7.93866e+06 181291
26200 7610  8.73924 31793.2   -7.94076e+06 181295
26300 7610  8.73924 31824.8   -7.94076e+06 181295
26400 7610  8.73924 31847.9   -7.94076e+06 181295
26500 7610  8.73924 31880   -7.94076e+06 181295
26600 7611  8.73924 31913   -7.94181e+06 181305
26700 7611  8.73924 31936.2   -7.94181e+06 181305
26800 7613  8.73924 31960.9   -7.94466e+06 181300
26900 7613  8.73924 31993.3   -7.94466e+06 181300
27000 7615  8.73924 32019.5   -7.94646e+06 181350
27100 7615  8.73924 32049.2   -7.94646e+06 181350
27200 7616  8.73924 32086.4   -7.94772e+06 181343
27300 7616  8.73924 32107.3   -7.94772e+06 181343
27400 7617  8.73924 32136.5   -7.94934e+06 181338
27500 7617  8.73924 32153.5   -7.94934e+06 181338
27600 7617  8.73924 32187   -7.94934e+06 181338
27700 7617  8.73924 32213.8   -7.94934e+06 181338
27800 7618  8.73924 32245   -7.95086e+06 181333
27900 7623  8.73924 32274.4   -7.95876e+06 181358
28000 7625  8.73924 32296.4   -7.96183e+06 181385
28100 7627  8.73924 32318.8   -7.96501e+06 181424
28200 7629  8.7496 32341.7   -7.96858e+06 181454
28300 7632  8.7496 32359.4   -7.97084e+06 181541
28400 7634  8.87187 32385.1   -7.97324e+06 181549
28500 7635  8.87187 32400.3   -7.97513e+06 181569
28600 7635  8.98544 32430.7   -7.97513e+06 181569
28700 7636  8.98544 32447.5   -7.9763e+06 181583
28800 7639  8.98544 32471.9   -7.98053e+06 181632
28900 7640  9.1569 32495.7   -7.981e+06 181682
29000 7643  9.1569 32514.8   -7.98539e+06 181708
29100 7644  9.1569 32543.1   -7.98807e+06 181842
29200 7645  9.1569 32568.1   -7.98938e+06 181835
29300 7646  9.1569 32591.2   -7.99138e+06 181861
29400 7647  9.1569 32615.4   -7.99282e+06 181874
29500 7649  9.1569 32638.2   -7.99429e+06 181940
29600 7650  9.1569 32663   -7.99645e+06 181949
29700 7650  9.1569 32690.4   -7.99645e+06 181949
29800 7654  9.1569 32709.1   -8.00245e+06 182000
29900 7655  9.1569 32736.1   -8.00298e+06 182048
30000 7656  9.1569 32760.1   -8.00373e+06 182069
30100 7657  9.1569 32783.4   -8.00487e+06 182078
30200 7657  9.1569 32801.3   -8.00487e+06 182078
30300 7659  9.1569 32825.8   -8.008e+06 182140
30400 7659  9.1569 32849.2   -8.008e+06 182140
30500 7660  9.1569 32867.2   -8.00931e+06 182146
30600 7660  9.1569 32888.6   -8.00931e+06 182146
30700 7662  9.22449 32909.4   -8.0121e+06 182269
30800 7663  9.22449 32936.4   -8.01432e+06 182334
30900 7663  9.22449 32956.8   -8.01432e+06 182334
31000 7663  9.2798 32977.8   -8.01432e+06 182334
31100 7663  9.2798 33004.9   -8.01432e+06 182334
31200 7663  9.2798 33035.2   -8.01432e+06 182334
31300 7665  9.30761 33059.3   -8.01784e+06 182342
31400 7666  9.30761 33077.2   -8.01933e+06 182336
31500 7666  9.30761 33100.6   -8.01933e+06 182336
31600 7666  9.30761 33118.6   -8.01933e+06 182336
31700 7666  9.40913 33139.2   -8.01933e+06 182336
31800 7666  9.40913 33159.8   -8.01933e+06 182336
31900 7666  9.40913 33178.3   -8.01933e+06 182336
32000 7668  9.40913 33203.6   -8.02128e+06 182379
32100 7670  9.40913 33222.7   -8.02407e+06 182388
32200 7671  9.40913 33238   -8.02454e+06 182442
32300 7671  9.40913 33260.1   -8.02454e+06 182442
32400 7671  9.40913 33281.6   -8.02454e+06 182442
32500 7671  9.40913 33299   -8.02454e+06 182442
32600 7671  9.40913 33315.8   -8.02454e+06 182442
32700 7672  9.40913 33335.4   -8.02528e+06 182480
32800 7674  9.50822 33352.4   -8.02807e+06 182538
32900 7674  9.50822 33378   -8.02807e+06 182538
33000 7675  9.50822 33401.3   -8.02906e+06 182544
33100 7676  9.50822 33429.1   -8.03022e+06 182550
33200 7677  9.50822 33448.7   -8.03179e+06 182555
33300 7677  9.50822 33471.8   -8.03179e+06 182555
33400 7677  9.50822 33494.9   -8.03179e+06 182555
33500 7678  9.60641 33516.6   -8.03407e+06 182662
33600 7680  9.60641 33533.9   -8.03827e+06 182741
33700 7681  9.60641 33557.7   -8.03938e+06 182760
33800 7681  9.60641 33579.6   -8.03938e+06 182760
33900 7682  9.60641 33599.2   -8.04082e+06 182760
34000 7683  9.60641 33618.1   -8.04195e+06 182763
34100 7684  9.60641 33639.4   -8.04264e+06 182799
34200 7684  9.60641 33659.6   -8.04264e+06 182799
34300 7685  9.60641 33674.3   -8.04357e+06 182821
34400 7686  9.73446 33695.8   -8.04497e+06 182828
34500 7687  9.73446 33712   -8.04566e+06 182857
34600 7688  9.82763 33727.9   -8.04664e+06 182875
34700 7689  9.82763 33756.2   -8.04722e+06 182923
34800 7689  9.82763 33772.2   -8.04722e+06 182923
34900 7691  9.82763 33797.6   -8.04984e+06 182942
35000 7693  9.82763 33821.4   -8.05146e+06 182981
35100 7693  9.82763 33838.9   -8.05146e+06 182981
35200 7695  9.82763 33858.8   -8.05431e+06 182986
35300 7698  9.82763 33879.6   -8.05872e+06 183049
35400 7698  9.82763 33902   -8.05872e+06 183049
35500 7699  9.82763 33920.5   -8.0596e+06 183064
35600 7700  9.82763 33936.9   -8.06161e+06 183088
35700 7700  9.82763 33955.6   -8.06161e+06 183088
35800 7701  9.82763 33972.2   -8.0624e+06 183105
35900 7701  9.82763 33986.4   -8.0624e+06 183105
36000 7703  9.82763 34005   -8.06486e+06 183100
36100 7705  9.82763 34026.9   -8.06959e+06 183140
36200 7706  9.82763 34047   -8.07105e+06 183139
36300 7707  9.82763 34064.2   -8.07274e+06 183151
36400 7707  9.82763 34081.3   -8.07274e+06 183151
36500 7708  9.82763 34106   -8.07479e+06 183194
36600 7709  9.82763 34131.3   -8.0767e+06 183195
36700 7710  9.82763 34151.8   -8.07867e+06 183202
36800 7711  9.82763 34166   -8.07969e+06 183223
36900 7711  9.96719 34183.9   -8.07969e+06 183223
37000 7711  9.96719 34201   -8.07969e+06 183223
37100 7712  9.96719 34218.2   -8.08065e+06 183242
37200 7712  10.0843 34234.3   -8.08065e+06 183242
37300 7712  10.0843 34252.5   -8.08065e+06 183242
37400 7712  10.0843 34267.2   -8.08065e+06 183242
37500 7712  10.0843 34284.6   -8.08065e+06 183242
37600 7712  10.0843 34306.4   -8.08065e+06 183242
37700 7712  10.0843 34322.1   -8.08065e+06 183242
37800 7713  10.0843 34335.1   -8.08238e+06 183247
37900 7715  10.0843 34353.2   -8.08505e+06 183248
38000 7716  10.0843 34369.5   -8.08564e+06 183288
38100 7717  10.0843 34387.1   -8.08826e+06 183328
38200 7717  10.0843 34404.2   -8.08826e+06 183328
38300 7717  10.0843 34424.2   -8.08826e+06 183328
38400 7717  10.0843 34439.8   -8.08826e+06 183328
38500 7717  10.0843 34451.6   -8.08826e+06 183328
38600 7719  10.0843 34466.9   -8.09188e+06 183303
38700 7720  10.1214 34486.2   -8.09317e+06 183312
38800 7721  10.1214 34505.1   -8.09496e+06 183306
38900 7723  10.1214 34521.4   -8.09934e+06 183444
39000 7724  10.1214 34542   -8.1011e+06 183437
39100 7724  10.1214 34562.6   -8.1011e+06 183437
39200 7725  10.1214 34574.8   -8.10239e+06 183426
39300 7726  10.1214 34595.1   -8.10509e+06 183488
39400 7728  10.1214 34608.8   -8.10658e+06 183554
39500 7728  10.1214 34634.9   -8.10658e+06 183554
39600 7729  10.1214 34648   -8.10783e+06 183563
39700 7729  10.1214 34668.9   -8.10783e+06 183563
39800 7729  10.1214 34685.8   -8.10783e+06 183563
39900 7731  10.1214 34702.4   -8.11055e+06 183569
40000 7731  10.1214 34720.3   -8.11055e+06 183569
