0 398  1.549 -1.60022   -30412 1495.64
100 4806  3.1599 2781.17   -3.9436e+06 126350
200 5999  3.69708 5230.72   -5.54026e+06 149483
300 6563  4.16727 7160.87   -6.34436e+06 159579
400 6906  4.49513 8783.95   -6.85765e+06 166470
500 7127  4.49513 10126.3   -7.17796e+06 170779
600 7319  4.6806 11401.6   -7.45519e+06 173825
700 7458  4.6806 12534.9   -7.64942e+06 176892
800 7565  4.93109 13586.1   -7.79928e+06 179114
900 7647  4.93109 14507.8   -7.91356e+06 180695
1000 7738  5.45296 15377.7   -8.03054e+06 182571
1100 7811  5.45296 16130.8   -8.12692e+06 183985
1200 7881  5.4555 16865.9   -8.22592e+06 185075
1300 7932  5.57366 17543.4   -8.30289e+06 186186
1400 7986  6.22939 18214.7   -8.37145e+06 186985
1500 8036  6.22939 18816.5   -8.4427e+06 187871
1600 8086  6.22939 19380   -8.51392e+06 188790
1700 8140  6.22939 19930.3   -8.58756e+06 189619
1800 8194  6.27647 20443.7   -8.66368e+06 190498
1900 8231  6.27647 20945.7   -8.7116e+06 190981
2000 8265  6.39838 21461   -8.75803e+06 191531
2100 8304  6.39838 21966.7   -8.814e+06 191955
2200 8329  6.95019 22436.4   -8.85202e+06 192468
2300 8361  6.95019 22878.1   -8.89816e+06 193250
2400 8389  6.95019 23297.9   -8.9392e+06 193721
2500 8420  6.95019 23748.2   -8.98433e+06 194298
2600 8447  7.12747 24175.7   -9.02412e+06 194604
2700 8466  7.12747 24588.3   -9.0476e+06 194967
2800 8497  7.12747 24984.3   -9.093e+06 195277
2900 8515  7.12747 25341.6   -9.11842e+06 195537
3000 8528  7.34922 25680.7   -9.13671e+06 195839
3100 8547  7.34922 26039.1   -9.1642e+06 196110
3200 8559  7.34922 26406.7   -9.18357e+06 196388
3300 8573  7.34922 26763.8   -9.20095e+06 196540
3400 8586  7.69475 27086   -9.21663e+06 196757
3500 8595  7.69475 27434.6   -9.23503e+06 197041
3600 8611  7.69475 27763.2   -9.25951e+06 197182
3700 8626  7.69475 28098.1   -9.28196e+06 197458
3800 8643  7.69475 28403.8   -9.30579e+06 197685
3900 8661  7.69475 28702.2   -9.33199e+06 197850
4000 8673  7.96904 28987.9   -9.35172e+06 198059
4100 8685  7.96904 29278.2   -9.37236e+06 198173
4200 8693  7.96904 29555.1   -9.38558e+06 198306
4300 8702  7.96904 29845.7   -9.39872e+06 198436
4400 8714  7.96904 30093.2   -9.41514e+06 198657
4500 8726  7.96904 30359   -9.43316e+06 198891
4600 8732  7.96904 30611.6   -9.44147e+06 198903
4700 8744  7.96904 30877.5   -9.45866e+06 199084
4800 8751  8.01127 31136   -9.4696e+06 199123
4900 8757  8.01127 31376.7   -9.47901e+06 199249
5000 8765  8.12246 31593.7   -9.49275e+06 199374
5100 8771  8.12246 31803.7   -9.50385e+06 199520
5200 8776  8.15407 32023.9   -9.51251e+06 199572
5300 8780  8.22282 32240.3   -9.51981e+06 199632
5400 8791  8.22282 32477.5   -9.53542e+06 199742
5500 8802  8.22282 32693.8   -9.55306e+06 199851
5600 8810  8.23256 32911   -9.56577e+06 200091
5700 8815  8.33809 33118.8   -9.57419e+06 200215
5800 8820  8.33809 33334.1   -9.58286e+06 200393
5900 8827  8.33809 33500.4   -9.59566e+06 200579
6000 8833  8.33809 33692.1   -9.60667e+06 200679
6100 8836  8.54992 33886.4   -9.61069e+06 200776
6200 8839  8.54992 34095.3   -9.61464e+06 200768
6300 8843  8.54992 34279.9   -9.62215e+06 200830
6400 8848  8.54992 34469.3   -9.6281e+06 200838
6500 8850  8.56043 34640.6   -9.62993e+06 200867
6600 8855  8.56043 34807.1   -9.6378e+06 201004
6700 8861  8.56147 34995.4   -9.64626e+06 201153
6800 8870  9.22084 35136.1   -9.65783e+06 201295
6900 8874  9.22084 35293.2   -9.66426e+06 201294
7000 8881  9.22084 35472   -9.67574e+06 201534
7100 8885  9.22084 35635   -9.6827e+06 201703
7200 8890  9.22084 35797.1   -9.68986e+06 201788
7300 8895  9.22084 35952.3   -9.69884e+06 201948
7400 8899  9.34753 36082.7   -9.70346e+06 201964
7500 8905  9.57255 36218.6   -9.71199e+06 202098
7600 8909  9.57255 36368.1   -9.71971e+06 202282
7700 8910  9.57255 36520.5   -9.72112e+06 202291
7800 8912  9.57255 36675.6   -9.72489e+06 202364
7900 8919  9.57255 36819.5   -9.73096e+06 202555
8000 8923  9.57255 36958.8   -9.73506e+06 202634
8100 8928  9.64922 37111.9   -9.74199e+06 202680
8200 8933  9.75425 37268.6   -9.74984e+06 202726
8300 8937  10.1866 37420.3   -9.75408e+06 202773
8400 8941  10.3039 37568.1   -9.75952e+06 202830
8500 8942  10.3039 37704.2   -9.76165e+06 202887
8600 8944  10.3039 37833.9   -9.76443e+06 202873
8700 8947  10.3039 37972.4   -9.76918e+06 202892
8800 8947  10.3161 38117.1   -9.76918e+06 202892
8900 8947  10.5369 38228.8   -9.76918e+06 202892
9000 8948  10.5369 38360.4   -9.7707e+06 202890
9100 8950  10.5369 38493   -9.77479e+06 202982
9200 8952  10.5369 38600.6   -9.7771e+06 202999
9300 8953  10.7476 38755.7   -9.77885e+06 203019
9400 8956  10.7476 38875.7   -9.78356e+06 203053
9500 8959  10.7476 39011.1   -9.78875e+06 203099
9600 8963  10.7476 39129.4   -9.7965e+06 203232
9700 8967  10.8136 39239.6   -9.80531e+06 203365
9800 8967  10.8136 39344   -9.80531e+06 203365
9900 8968  10.8136 39474.6   -9.80646e+06 203364
10000 8973  10.8136 39611.2   -9.81555e+06 203475
10100 8974  10.8136 39716.7   -9.81688e+06 203489
10200 8975  11.2081 39833.2   -9.81928e+06 203558
10300 8975  11.2081 39939.9   -9.81928e+06 203558
10400 8978  11.2081 40068.5   -9.82435e+06 203613
10500 8980  11.2081 40217.3   -9.82676e+06 203642
10600 8983  11.2081 40349.7   -9.83098e+06 203698
10700 8986  11.2081 40462.7   -9.83573e+06 203752
10800 8990  11.2081 40570.7   -9.8423e+06 203812
10900 8992  11.2081 40676.7   -9.84602e+06 203810
11000 8994  11.2081 40791.7   -9.84939e+06 203799
11100 8996  11.2081 40906.5   -9.85306e+06 203854
11200 9000  11.2081 41003.4   -9.85968e+06 203923
11300 9004  11.2081 41124.1   -9.86579e+06 203946
11400 9004  11.2565 41227.9   -9.86579e+06 203946
11500 9005  11.2565 41332.4   -9.86676e+06 203972
11600 9008  11.2565 41442.8   -9.87242e+06 204023
11700 9011  11.2565 41543.8   -9.87835e+06 204032
11800 9011  11.3806 41651.1   -9.87835e+06 204032
11900 9012  11.3806 41766.4   -9.87985e+06 204021
12000 9014  11.3806 41873.6   -9.88333e+06 204061
12100 9015  11.3806 41971.8   -9.88531e+06 204080
12200 9016  11.3806 42076.3   -9.88742e+06 204134
12300 9019  11.3806 42185.8   -9.89138e+06 204190
12400 9020  11.3806 42261.4   -9.89289e+06 204187
12500 9022  11.3806 42362.3   -9.89624e+06 204218
12600 9023  11.3806 42457   -9.89813e+06 204215
12700 9025  11.4677 42560.5   -9.90203e+06 204238
12800 9026  11.4677 42672.3   -9.90397e+06 204255
12900 9026  11.4677 42752.5   -9.90397e+06 204255
13000 9026  11.5332 42850.7   -9.90397e+06 204255
13100 9028  11.5332 42934.3   -9.90686e+06 204296
13200 9030  11.5332 43038.2   -9.91091e+06 204323
13300 9031  11.5332 43137   -9.91256e+06 204339
13400 9031  11.5332 43227   -9.91256e+06 204339
13500 9033  11.5332 43329.1   -9.91632e+06 204386
13600 9036  11.5332 43438.7   -9.92181e+06 204481
13700 9039  11.5332 43534.2   -9.92656e+06 204539
13800 9039  11.5332 43629.6   -9.92656e+06 204539
13900 9040  11.8353 43707.8   -9.92882e+06 204581
14000 9044  11.8353 43808.4   -9.93575e+06 204562
14100 9045  11.8353 43887   -9.93699e+06 204560
14200 9045  11.8353 43953.3   -9.93699e+06 204560
14300 9047  11.8353 44035.7   -9.94008e+06 204666
14400 9049  11.8353 44098.2   -9.94392e+06 204697
14500 9049  11.8353 44180.8   -9.94392e+06 204697
14600 9050  11.8353 44275.5   -9.94559e+06 204725
14700 9053  11.8353 44361.6   -9.95021e+06 204780
14800 9054  11.8353 44451.1   -9.95156e+06 204776
14900 9055  11.8353 44535.1   -9.95324e+06 204785
15000 9055  11.8353 44622.1   -9.95324e+06 204785
15100 9057  11.8353 44705.8   -9.95574e+06 204801
15200 9059  11.8353 44775.9   -9.95894e+06 204809
15300 9061  11.8353 44841.9   -9.9622e+06 204886
15400 9065  11.8353 44912.7   -9.96984e+06 204981
15500 9068  11.987 45004.8   -9.97526e+06 205034
15600 9068  11.987 45071.7   -9.97526e+06 205034
15700 9070  11.987 45147.7   -9.97897e+06 205100
15800 9072  11.987 45225.1   -9.98166e+06 205136
15900 9074  11.987 45296.1   -9.98443e+06 205138
16000 9075  11.987 45374.2   -9.98646e+06 205182
16100 9077  11.987 45453.3   -9.9908e+06 205241
16200 9078  11.987 45540.3   -9.99313e+06 205286
16300 9079  11.987 45606.8   -9.99498e+06 205279
16400 9079  11.987 45666   -9.99498e+06 205279
16500 9082  11.987 45738.5   -9.99907e+06 205298
16600 9083  11.987 45818.1   -1.0001e+07 205332
16700 9085  11.987 45882.6   -1.00038e+07 205329
16800 9085  11.987 45956.6   -1.00038e+07 205329
16900 9085  11.987 46020.4   -1.00038e+07 205329
17000 9085  11.987 46089.4   -1.00038e+07 205329
17100 9085  11.987 46161.2   -1.00038e+07 205329
17200 9085  11.987 46233.3   -1.00038e+07 205329
17300 9086  12.0116 46312.3   -1.00061e+07 205385
17400 9088  12.0116 46374.1   -1.00089e+07 205402
17500 9090  12.0116 46444.7   -1.00122e+07 205477
17600 9090  12.0213 46507.9   -1.00122e+07 205477
17700 9091  12.0213 46581.6   -1.00147e+07 205550
17800 9092  12.1421 46650.4   -1.00171e+07 205594
17900 9092  12.1421 46715.6   -1.00171e+07 205594
18000 9094  12.1421 46788.9   -1.00198e+07 205625
18100 9095  12.1421 46864.4   -1.0022e+07 205653
18200 9095  12.1421 46932.5   -1.0022e+07 205653
18300 9096  12.1421 46992.7   -1.00235e+07 205651
18400 9096  12.1421 47061   -1.00235e+07 205651
18500 9097  12.1421 47121.2   -1.00249e+07 205665
18600 9097  12.1421 47190.2   -1.00249e+07 205665
18700 9098  12.1421 47268   -1.00273e+07 205727
18800 9099  12.3289 47334.1   -1.00291e+07 205746
18900 9099  12.4118 47393.5   -1.00291e+07 205746
19000 9099  12.4118 47456.5   -1.00291e+07 205746
19100 9099  12.4118 47513.5   -1.00291e+07 205746
19200 9099  12.4118 47567.5   -1.00291e+07 205746
19300 9100  12.4118 47639.7   -1.00302e+07 205747
19400 9101  12.575 47696   -1.00317e+07 205742
19500 9102  12.6614 47757.4   -1.00327e+07 205753
19600 9102  12.6614 47822.4   -1.00327e+07 205753
19700 9104  12.6614 47883.9   -1.00357e+07 205781
19800 9104  12.6614 47947.9   -1.00357e+07 205781
19900 9105  12.6614 47996.8   -1.00367e+07 205794
20000 9106  12.6614 48050.3   -1.00377e+07 205803
20100 9107  12.6614 48112.1   -1.00393e+07 205816
20200 9108  12.6614 48190.2   -1.00416e+07 205870
20300 9108  12.6614 48242.7   -1.00416e+07 205870
20400 9108  12.6614 48301.4   -1.00416e+07 205870
20500 9110  12.6614 48378.5   -1.00446e+07 205889
20600 9111  12.6614 48446   -1.0046e+07 205914
20700 9112  12.6614 48500.5   -1.00469e+07 205926
20800 9114  12.6614 48558.1   -1.00507e+07 206007
20900 9114  12.6614 48603.1   -1.00507e+07 206007
21000 9114  12.6614 48658.6   -1.00507e+07 206007
21100 9115  12.6614 48712.8   -1.00516e+07 206020
21200 9115  12.6614 48787.6   -1.00516e+07 206020
21300 9116  12.6614 48844.5   -1.00535e+07 206052
21400 9116  12.6614 48893.1   -1.00535e+07 206052
21500 9117  12.6733 48952.2   -1.00545e+07 206068
21600 9119  12.6733 49000.4   -1.0057e+07 206072
21700 9119  12.6733 49060.5   -1.0057e+07 206072
21800 9119  12.6733 49112.2   -1.0057e+07 206072
21900 9119  12.6733 49164.1   -1.0057e+07 206072
22000 9120  12.6733 49212.7   -1.00585e+07 206099
22100 9120  12.6733 49257.1   -1.00585e+07 206099
22200 9120  12.6733 49297.1   -1.00585e+07 206099
22300 9120  12.6733 49362.5   -1.00585e+07 206099
22400 9122  12.6733 49415.8   -1.00618e+07 206113
22500 9122  12.6733 49464.4   -1.00618e+07 206113
22600 9122  12.6733 49514   -1.00618e+07 206113
22700 9123  12.6733 49562.2   -1.00633e+07 206106
22800 9123  12.6733 49613.2   -1.00633e+07 206106
22900 9125  12.6733 49662.6   -1.00662e+07 206156
23000 9126  12.6733 49714.7   -1.00675e+07 206169
23100 9126  12.6733 49759.4   -1.00675e+07 206169
23200 9126  12.6733 49816   -1.00675e+07 206169
23300 9126  12.6733 49862.4   -1.00675e+07 206169
23400 9127  12.6733 49912.7   -1.00689e+07 206186
23500 9127  12.9344 49959.8   -1.00689e+07 206186
23600 9127  12.9344 50005.6   -1.00689e+07 206186
23700 9128  12.9344 50050.7   -1.0071e+07 206216
23800 9129  12.9344 50095.4   -1.0073e+07 206233
23900 9130  12.9344 50146.7   -1.00748e+07 206251
24000 9130  12.9344 50196.1   -1.00748e+07 206251
24100 9130  12.9344 50236   -1.00748e+07 206251
24200 9130  12.9344 50287.1   -1.00748e+07 206251
24300 9131  12.9344 50340.6   -1.0076e+07 206251
24400 9131  12.9344 50390.1   -1.0076e+07 206251
24500 9131  12.9344 50425.9   -1.0076e+07 206251
24600 9131  12.9344 50474.4   -1.0076e+07 206251
24700 9133  12.9344 50508.8   -1.00794e+07 206303
24800 9133  12.9344 50551.7   -1.00794e+07 206303
24900 9133  12.9344 50592.5   -1.00794e+07 206303
25000 9135  12.9344 50641.9   -1.00827e+07 206334
25100 9135  12.9344 50685.8   -1.00827e+07 206334
25200 9136  12.9344 50733   -1.0084e+07 206347
25300 9137  12.9344 50782.2   -1.00859e+07 206383
25400 9137  12.9344 50815.4   -1.00859e+07 206383
25500 9138  12.9344 50868.4   -1.00884e+07 206447
25600 9138  12.9344 50912.6   -1.00884e+07 206447
25700 9138  12.9344 50952.8   -1.00884e+07 206447
25800 9138  12.9344 50992.9   -1.00884e+07 206447
25900 9139  12.9344 51038.3   -1.00898e+07 206460
26000 9139  12.9344 51079.8   -1.00898e+07 206460
26100 9140  12.9344 51117.6   -1.00914e+07 206459
26200 9140  12.9344 51161.7   -1.00914e+07 206459
26300 9141  12.9344 51202.8   -1.00925e+07 206462
26400 9141  12.9344 51242.1   -1.00925e+07 206462
26500 9142  12.9344 51288   -1.0094e+07 206456
26600 9143  12.9344 51316.5   -1.00949e+07 206465
26700 9143  12.9344 51349.5   -1.00949e+07 206465
26800 9144  12.9344 51390.3   -1.00958e+07 206481
26900 9145  12.9344 51432.5   -1.00975e+07 206478
27000 9145  12.9344 51469.1   -1.00975e+07 206478
27100 9146  12.9344 51516.1   -1.00993e+07 206496
27200 9146  12.9344 51557.4   -1.00993e+07 206496
27300 9146  12.9344 51599.8   -1.00993e+07 206496
27400 9146  12.9344 51638.5   -1.00993e+07 206496
27500 9148  12.9344 51663.7   -1.01009e+07 206538
27600 9149  12.9344 51707.7   -1.01027e+07 206537
27700 9149  12.9344 51760.9   -1.01027e+07 206537
27800 9150  12.9344 51805.2   -1.01044e+07 206569
27900 9151  12.9344 51857.1   -1.01066e+07 206626
28000 9152  12.9344 51897.5   -1.01086e+07 206659
28100 9152  12.9344 51940.5   -1.01086e+07 206659
28200 9152  12.9344 51975.9   -1.01086e+07 206659
28300 9152  12.9344 52021.4   -1.01086e+07 206659
28400 9153  12.9344 52064.2   -1.01102e+07 206652
28500 9154  12.9344 52106.7   -1.01118e+07 206660
28600 9155  12.9344 52145.1   -1.01127e+07 206672
28700 9155  12.9344 52168.4   -1.01127e+07 206672
28800 9155  12.9344 52210.3   -1.01127e+07 206672
28900 9157  12.9344 52246.2   -1.0116e+07 206678
29000 9158  12.9344 52284.6   -1.0118e+07 206714
29100 9160  12.9344 52312   -1.012e+07 206729
29200 9161  12.9344 52360.2   -1.01219e+07 206753
29300 9161  12.9344 52389.5   -1.01219e+07 206753
29400 9162  12.9344 52427   -1.01234e+07 206749
29500 9162  12.9344 52476.5   -1.01234e+07 206749
29600 9162  12.9344 52517.9   -1.01234e+07 206749
29700 9163  12.9344 52554.6   -1.01257e+07 206796
29800 9163  12.9344 52581.6   -1.01257e+07 206796
29900 9163  12.9344 52609.7   -1.01257e+07 206796
30000 9163  12.9344 52642.2   -1.01257e+07 206796
30100 9163  12.9344 52676.8   -1.01257e+07 206796
30200 9164  12.9344 52710.4   -1.0127e+07 206805
30300 9164  12.9344 52736.9   -1.0127e+07 206805
30400 9166  12.9344 52761.9   -1.01296e+07 206805
30500 9167  12.9344 52799.4   -1.01309e+07 206803
30600 9168  12.9344 52839.2   -1.01321e+07 206807
30700 9168  12.9344 52873.3   -1.01321e+07 206807
30800 9168  12.9344 52904.3   -1.01321e+07 206807
30900 9169  12.9344 52932.1   -1.01333e+07 206806
31000 9169  12.9344 52961   -1.01333e+07 206806
31100 9170  12.9344 52987.8   -1.01343e+07 206816
31200 9171  12.9344 53011.2   -1.0136e+07 206812
31300 9171  12.9344 53052.4   -1.0136e+07 206812
31400 9171  12.9344 53084.1   -1.0136e+07 206812
31500 9171  12.9344 53111   -1.0136e+07 206812
31600 9173  12.9344 53142.2   -1.01387e+07 206828
31700 9173  12.9344 53178.9   -1.01387e+07 206828
31800 9174  12.9344 53209.9   -1.01402e+07 206822
31900 9175  12.9646 53247.1   -1.01418e+07 206844
32000 9175  12.9678 53276   -1.01418e+07 206844
32100 9175  12.9678 53309.1   -1.01418e+07 206844
32200 9175  12.9678 53351.2   -1.01418e+07 206844
32300 9175  12.9678 53386.2   -1.01418e+07 206844
32400 9175  12.9678 53419.3   -1.01418e+07 206844
32500 9177  12.9678 53459.6   -1.01457e+07 206870
32600 9179  12.9678 53496.4   -1.01493e+07 206928
32700 9179  12.9678 53525.8   -1.01493e+07 206928
32800 9179  12.9678 53555.5   -1.01493e+07 206928
32900 9179  12.9678 53590.9   -1.01493e+07 206928
33000 9179  12.9678 53618.3   -1.01493e+07 206928
33100 9179  13.2696 53649.6   -1.01493e+07 206928
33200 9179  13.2696 53674   -1.01493e+07 206928
33300 9179  13.2696 53695.3   -1.01493e+07 206928
33400 9181  13.2696 53729.5   -1.01528e+07 206953
33500 9182  13.2696 53758.1   -1.01538e+07 206965
33600 9182  13.2696 53778.3   -1.01538e+07 206965
33700 9182  13.2696 53810.6   -1.01538e+07 206965
33800 9183  13.2696 53850.3   -1.01558e+07 206998
33900 9183  13.2696 53868.8   -1.01558e+07 206998
34000 9183  13.2696 53904.2   -1.01558e+07 206998
34100 9183  13.2696 53923   -1.01558e+07 206998
34200 9183  13.2696 53949.3   -1.01558e+07 206998
34300 9184  13.2696 53979.9   -1.01576e+07 207016
34400 9184  13.2696 54010.6   -1.01576e+07 207016
34500 9184  13.2696 54042.4   -1.01576e+07 207016
34600 9184  13.2696 54064.9   -1.01576e+07 207016
34700 9185  13.2696 54094.1   -1.01601e+07 207082
34800 9185  13.2696 54115.2   -1.01601e+07 207082
34900 9186  13.2696 54132.4   -1.01621e+07 207129
35000 9186  13.2696 54156.1   -1.01621e+07 207129
35100 9188  13.2696 54177.1   -1.01649e+07 207166
35200 9188  13.2696 54199.2   -1.01649e+07 207166
35300 9188  13.2696 54222.5   -1.01649e+07 207166
35400 9188  13.2696 54241   -1.01649e+07 207166
35500 9188  13.2696 54268.4   -1.01649e+07 207166
35600 9188  13.2696 54298   -1.01649e+07 207166
35700 9188  13.2696 54323.3   -1.01649e+07 207166
35800 9189  13.2696 54348.8   -1.01663e+07 207181
35900 9189  13.2696 54365.5   -1.01663e+07 207181
36000 9189  13.2696 54390.7   -1.01663e+07 207181
36100 9189  13.2696 54408.4   -1.01663e+07 207181
36200 9190  13.2696 54435.4   -1.01677e+07 207197
36300 9190  13.2696 54455.4   -1.01677e+07 207197
36400 9190  13.2696 54479.8   -1.01677e+07 207197
36500 9191  13.2696 54510.2   -1.01693e+07 207209
36600 9191  13.2696 54533.3   -1.01693e+07 207209
36700 9192  13.2696 54560.4   -1.01707e+07 207222
36800 9192  13.2696 54591.3   -1.01707e+07 207222
36900 9192  13.2696 54620.4   -1.01707e+07 207222
37000 9194  13.2696 54651.3   -1.01738e+07 207247
37100 9194  13.2696 54676.6   -1.01738e+07 207247
37200 9195  13.2696 54695.5   -1.01753e+07 207247
37300 9196  13.2696 54719.8   -1.01775e+07 207292
37400 9197  13.2696 54740.7   -1.01801e+07 207375
37500 9197  13.3916 54764.1   -1.01801e+07 207375
37600 9198  13.3916 54781.5   -1.01825e+07 207440
37700 9198  13.3916 54804.6   -1.01825e+07 207440
37800 9198  13.3916 54829.4   -1.01825e+07 207440
37900 9199  13.3916 54860.4   -1.01841e+07 207439
38000 9200  13.3916 54889.4   -1.01853e+07 207464
38100 9200  13.3916 54910.3   -1.01853e+07 207464
38200 9201  13.3916 54928.8   -1.01872e+07 207480
38300 9201  13.3916 54958   -1.01872e+07 207480
38400 9201  13.3916 54975.4   -1.01872e+07 207480
38500 9203  13.3916 54995.7   -1.01897e+07 207503
38600 9204  13.3916 55020.6   -1.01914e+07 207516
38700 9205  13.3916 55036.6   -1.01928e+07 207512
38800 9205  13.3916 55072.5   -1.01928e+07 207512
38900 9207  13.3916 55097.6   -1.01957e+07 207522
39000 9207  13.3916 55118.1   -1.01957e+07 207522
39100 9207  13.3916 55136.4   -1.01957e+07 207522
39200 9207  13.3916 55152.8   -1.01957e+07 207522
39300 9207  13.3916 55189.2   -1.01957e+07 207522
39400 9207  13.3916 55212.9   -1.01957e+07 207522
39500 9209  13.3916 55236.7   -1.01984e+07 207521
39600 9209  13.3916 55252.5   -1.01984e+07 207521
39700 9210  13.3916 55289.9   -1.02004e+07 207558
39800 9210  13.3916 55319.3   -1.02004e+07 207558
39900 9211  13.3916 55338.1   -1.02023e+07 207595
40000 9212  13.3916 55355.6   -1.02037e+07 207592
