0 18  -0.0226279 -3.60878   -324 0
100 2477  2.33537 1418.81   -1.59375e+06 56010.1
200 3151  2.56617 2570.43   -2.33578e+06 78011
300 3548  2.88824 3453.32   -2.80528e+06 90100.5
400 3803  2.94942 4227.38   -3.12281e+06 97615.2
500 3979  3.12028 4834.74   -3.34128e+06 103141
600 4124  3.16084 5354.47   -3.52229e+06 107478
700 4218  3.39347 5831.53   -3.64392e+06 110590
800 4311  3.6107 6246.75   -3.76134e+06 113551
900 4394  3.63555 6621.06   -3.86971e+06 115777
1000 4445  3.73071 6952.89   -3.93716e+06 117307
1100 4504  3.75253 7262.14   -4.01165e+06 118459
1200 4570  3.90505 7553.15   -4.09977e+06 119834
1300 4615  3.90505 7809.23   -4.15578e+06 120836
1400 4667  3.92444 8071.78   -4.23005e+06 122143
1500 4707  3.99257 8294.99   -4.27865e+06 122863
1600 4737  3.99257 8522.59   -4.31811e+06 123680
1700 4765  3.99257 8739.28   -4.35683e+06 124315
1800 4793  4.03763 8953.58   -4.39734e+06 125229
1900 4816  4.03763 9146.45   -4.42317e+06 125697
2000 4849  4.06857 9353.34   -4.46568e+06 126617
2100 4881  4.2988 9544.7   -4.50661e+06 127143
2200 4905  4.2988 9733.11   -4.53569e+06 127782
2300 4932  4.2988 9904.24   -4.57253e+06 128176
2400 4951  4.2988 10069.1   -4.59816e+06 128759
2500 4974  4.2988 10231   -4.63021e+06 129393
2600 4996  4.39332 10377.9   -4.65935e+06 129860
2700 5022  4.44426 10515.1   -4.69315e+06 130520
2800 5043  4.51836 10640   -4.71541e+06 130802
2900 5056  4.55088 10772.4   -4.73292e+06 130980
3000 5078  4.55088 10903.6   -4.76346e+06 131308
3100 5096  4.70311 11030.7   -4.78757e+06 131759
3200 5112  4.70311 11147.8   -4.80691e+06 132024
3300 5122  4.82979 11270.7   -4.82068e+06 132380
3400 5138  4.82979 11392.1   -4.84465e+06 132784
3500 5162  4.82979 11507.4   -4.87678e+06 133291
3600 5173  4.83055 11607.1   -4.89378e+06 133561
3700 5188  4.83237 11714.3   -4.91622e+06 133983
3800 5200  4.88337 11819.3   -4.93272e+06 134218
3900 5210  4.88337 11931.7   -4.94443e+06 134405
4000 5223  4.88337 12028.5   -4.96307e+06 134484
4100 5232  5.03313 12123.6   -4.9744e+06 134744
4200 5242  5.03313 12219.7   -4.98687e+06 134983
4300 5251  5.07118 12322.4   -4.99921e+06 135174
4400 5260  5.07118 12419.9   -5.01243e+06 135391
4500 5271  5.07118 12509.9   -5.02676e+06 135605
4600 5281  5.11216 12603.1   -5.0395e+06 135799
4700 5295  5.11216 12689   -5.0594e+06 136165
4800 5304  5.11216 12786.4   -5.07043e+06 136344
4900 5312  5.11216 12875.1   -5.08158e+06 136639
5000 5318  5.11216 12963.6   -5.09226e+06 136966
5100 5330  5.11216 13046   -5.11143e+06 137129
5200 5340  5.25707 13125   -5.12731e+06 137432
5300 5348  5.25707 13210.6   -5.13855e+06 137586
5400 5356  5.25707 13292.5   -5.1481e+06 137705
5500 5363  5.25707 13360.8   -5.15794e+06 137852
5600 5378  5.25707 13445   -5.17973e+06 138223
5700 5384  5.25707 13513.8   -5.1864e+06 138303
5800 5392  5.25707 13603.4   -5.19756e+06 138556
5900 5402  5.25832 13676.4   -5.21001e+06 138719
6000 5407  5.25832 13747.3   -5.21653e+06 138843
6100 5417  5.25832 13826.4   -5.23048e+06 139178
6200 5426  5.25832 13888.8   -5.24296e+06 139294
6300 5432  5.25832 13954.8   -5.25047e+06 139418
6400 5440  5.25832 14016.1   -5.25962e+06 139559
6500 5449  5.30681 14078.1   -5.27149e+06 139902
6600 5453  5.30681 14140.4   -5.27697e+06 139954
6700 5460  5.30681 14208.5   -5.28806e+06 140245
6800 5464  5.30681 14273.9   -5.29398e+06 140237
6900 5470  5.38081 14333.9   -5.30293e+06 140469
7000 5481  5.38081 14396.6   -5.31791e+06 140829
7100 5486  5.43267 14459.7   -5.32525e+06 140932
7200 5492  5.48073 14517.2   -5.33388e+06 141080
7300 5504  5.48073 14578.4   -5.35133e+06 141389
7400 5506  5.48073 14627.4   -5.3539e+06 141443
7500 5508  5.48073 14684.5   -5.35674e+06 141420
7600 5514  5.48073 14738   -5.36663e+06 141661
7700 5516  5.48073 14788.3   -5.36872e+06 141684
7800 5520  5.49625 14831.1   -5.37476e+06 141745
7900 5525  5.50065 14872.7   -5.38124e+06 141869
8000 5528  5.50065 14920.9   -5.38551e+06 141956
8100 5536  5.50065 14981.2   -5.39742e+06 142295
8200 5541  5.50223 15030   -5.40336e+06 142307
8300 5544  5.50223 15079.7   -5.40714e+06 142407
8400 5544  5.50223 15119.4   -5.40714e+06 142407
8500 5548  5.53127 15158.8   -5.41275e+06 142566
8600 5554  5.53127 15199.1   -5.42062e+06 142741
8700 5557  5.55217 15241.7   -5.42492e+06 142722
8800 5559  5.55217 15286.8   -5.42736e+06 142764
8900 5563  5.55217 15323.3   -5.4328e+06 142796
9000 5568  5.55795 15358.7   -5.44006e+06 142845
9100 5570  5.55795 15394.9   -5.44239e+06 142919
9200 5575  5.64095 15437.6   -5.45053e+06 143109
9300 5577  5.64095 15475.8   -5.45329e+06 143130
9400 5583  5.64095 15518.8   -5.46089e+06 143178
9500 5589  5.64095 15556.1   -5.46995e+06 143305
9600 5592  5.64095 15591.2   -5.47407e+06 143419
9700 5594  5.64095 15623.8   -5.47636e+06 143491
9800 5600  5.64095 15664.9   -5.48496e+06 143689
9900 5601  5.64095 15697.1   -5.48632e+06 143710
10000 5603  5.64095 15731.4   -5.48976e+06 143843
10100 5609  5.64095 15778.9   -5.49771e+06 143931
10200 5612  5.6481 15810   -5.50157e+06 143932
10300 5616  5.6481 15846.9   -5.50639e+06 144039
10400 5618  5.6481 15884.7   -5.50834e+06 144074
10500 5622  5.6481 15924.8   -5.51279e+06 144108
10600 5626  5.6481 15956.2   -5.51882e+06 144138
10700 5631  5.6481 15993.1   -5.52535e+06 144196
10800 5638  5.6481 16028.8   -5.53464e+06 144391
10900 5643  5.6481 16062.7   -5.54111e+06 144525
11000 5647  5.64974 16095.5   -5.54719e+06 144648
11100 5653  5.64974 16131.3   -5.55325e+06 144792
11200 5657  5.66043 16155.3   -5.5597e+06 144820
11300 5662  5.69313 16194.5   -5.56501e+06 144879
11400 5664  5.69936 16229.7   -5.56753e+06 144908
11500 5667  5.69936 16265.9   -5.57194e+06 144952
11600 5674  5.81678 16292.2   -5.58199e+06 145112
11700 5680  5.81678 16318.4   -5.59081e+06 145323
11800 5683  5.81678 16347.2   -5.59508e+06 145427
11900 5683  5.81678 16379.9   -5.59508e+06 145427
12000 5688  5.81678 16408.4   -5.60149e+06 145465
12100 5691  5.81678 16435.4   -5.60485e+06 145495
12200 5695  5.90216 16463   -5.61029e+06 145649
12300 5697  5.90216 16488.4   -5.61225e+06 145729
12400 5701  5.90216 16511   -5.61779e+06 145771
12500 5702  5.90216 16537.7   -5.6189e+06 145768
12600 5702  5.90216 16563.5   -5.6189e+06 145768
12700 5706  5.90216 16594.7   -5.62483e+06 145860
12800 5711  5.90216 16624.3   -5.63226e+06 146014
12900 5715  5.90216 16649.4   -5.63763e+06 146059
13000 5718  5.90216 16667.2   -5.6416e+06 146093
13100 5720  5.90216 16687.7   -5.64399e+06 146144
13200 5724  5.90216 16711.3   -5.64894e+06 146286
13300 5726  5.90216 16735.8   -5.65181e+06 146316
13400 5727  5.90216 16758.3   -5.65344e+06 146338
13500 5730  5.90216 16782.5   -5.65662e+06 146360
13600 5734  5.90216 16806.4   -5.66278e+06 146372
13700 5739  5.90216 16836.2   -5.66981e+06 146461
13800 5743  5.91197 16862.2   -5.67453e+06 146513
13900 5745  5.91197 16886.8   -5.67704e+06 146572
14000 5746  5.92375 16906.8   -5.67822e+06 146573
14100 5751  5.92375 16932.5   -5.68365e+06 146682
14200 5751  5.92375 16954.2   -5.68365e+06 146682
14300 5754  5.92375 16973   -5.68692e+06 146752
14400 5755  5.93763 16996.8   -5.68825e+06 146757
14500 5760  5.93763 17017.5   -5.69489e+06 146857
14600 5762  5.93763 17040.5   -5.69691e+06 146900
14700 5764  5.93763 17066.8   -5.69965e+06 146995
14800 5765  5.93763 17085.9   -5.70065e+06 147015
14900 5767  5.93763 17107.9   -5.70291e+06 147097
15000 5771  5.93763 17133.3   -5.7086e+06 147248
15100 5773  5.93763 17150.9   -5.71143e+06 147248
15200 5774  5.96924 17173.1   -5.71337e+06 147273
15300 5777  5.96924 17196.2   -5.71595e+06 147347
15400 5780  5.96924 17217.7   -5.71912e+06 147428
15500 5781  5.96924 17238.5   -5.72094e+06 147484
15600 5783  5.96924 17253.8   -5.72294e+06 147554
15700 5787  5.96924 17274.7   -5.72878e+06 147646
15800 5789  5.99618 17288.8   -5.73131e+06 147688
15900 5791  5.99744 17308   -5.73342e+06 147753
16000 5794  5.99744 17325.4   -5.73655e+06 147792
16100 5799  5.99744 17356.8   -5.74421e+06 147895
16200 5803  5.99744 17378.5   -5.7511e+06 148000
16300 5805  6.02481 17405.9   -5.75446e+06 148037
16400 5807  6.02481 17425.1   -5.75708e+06 148119
16500 5811  6.02481 17443.8   -5.76249e+06 148207
16600 5813  6.02481 17466.1   -5.76538e+06 148210
16700 5815  6.02481 17489.7   -5.76844e+06 148223
16800 5817  6.02481 17516.6   -5.77083e+06 148246
16900 5819  6.07921 17538.7   -5.77337e+06 148289
17000 5821  6.07921 17556.6   -5.77648e+06 148316
17100 5825  6.07921 17580   -5.78233e+06 148420
17200 5825  6.07921 17600.1   -5.78233e+06 148420
17300 5830  6.07921 17618.4   -5.78949e+06 148462
17400 5834  6.07921 17644.2   -5.79425e+06 148522
17500 5834  6.07921 17658.6   -5.79425e+06 148522
17600 5837  6.07921 17677.3   -5.79877e+06 148559
17700 5840  6.07921 17696   -5.80235e+06 148580
17800 5842  6.07921 17714.2   -5.80496e+06 148592
17900 5845  6.15263 17737.4   -5.80942e+06 148664
18000 5848  6.15263 17752.1   -5.81286e+06 148764
18100 5850  6.15263 17771.6   -5.81552e+06 148785
18200 5853  6.15263 17794.6   -5.81999e+06 148836
18300 5854  6.15263 17813   -5.82147e+06 148825
18400 5858  6.15263 17830.2   -5.82526e+06 148894
18500 5860  6.15263 17851.4   -5.82991e+06 148978
18600 5862  6.15263 17872.9   -5.83158e+06 149029
18700 5865  6.15263 17891.7   -5.83538e+06 149054
18800 5867  6.15263 17911   -5.8387e+06 149087
18900 5869  6.15263 17937.4   -5.84215e+06 149154
19000 5872  6.15263 17956.3   -5.84527e+06 149210
19100 5873  6.15263 17977.6   -5.84717e+06 149270
19200 5873  6.15263 17990.8   -5.84717e+06 149270
19300 5875  6.15263 18006.2   -5.84944e+06 149313
19400 5876  6.15263 18019.1   -5.85105e+06 149302
19500 5878  6.15263 18039.3   -5.85412e+06 149339
19600 5879  6.15263 18057.6   -5.85532e+06 149342
19700 5880  6.15263 18076   -5.85736e+06 149415
19800 5881  6.17365 18088.6   -5.85874e+06 149413
19900 5883  6.17365 18105.8   -5.86155e+06 149455
20000 5884  6.17365 18123.5   -5.86213e+06 149501
20100 5887  6.17365 18143.8   -5.86595e+06 149548
20200 5895  6.17365 18161.4   -5.87527e+06 149751
20300 5896  6.17365 18178   -5.87641e+06 149759
20400 5896  6.17365 18194.7   -5.87641e+06 149759
20500 5899  6.17365 18210.8   -5.88068e+06 149771
20600 5899  6.17365 18223   -5.88068e+06 149771
20700 5900  6.17365 18237.7   -5.88198e+06 149767
20800 5905  6.17365 18256.2   -5.88816e+06 149867
20900 5906  6.17365 18276.1   -5.88924e+06 149867
21000 5907  6.17365 18292.4   -5.89156e+06 149958
21100 5909  6.17365 18309.4   -5.89434e+06 149998
21200 5911  6.17365 18326.7   -5.89757e+06 150020
21300 5915  6.17365 18343.4   -5.90438e+06 150119
21400 5917  6.17365 18358.1   -5.90652e+06 150162
21500 5920  6.17365 18379.3   -5.91055e+06 150184
21600 5921  6.21211 18397.5   -5.91203e+06 150162
21700 5922  6.21211 18414.2   -5.91352e+06 150158
21800 5924  6.21211 18424.7   -5.91585e+06 150185
21900 5925  6.21211 18439   -5.91753e+06 150195
22000 5927  6.21211 18451   -5.91976e+06 150240
22100 5928  6.21211 18469.4   -5.9205e+06 150276
22200 5929  6.21211 18489   -5.92238e+06 150281
22300 5930  6.21211 18501   -5.92339e+06 150299
22400 5931  6.21211 18514.4   -5.92433e+06 150320
22500 5936  6.21211 18535.5   -5.9311e+06 150419
22600 5937  6.21211 18551.9   -5.93204e+06 150443
22700 5937  6.21211 18564.2   -5.93204e+06 150443
22800 5938  6.21211 18578.5   -5.93322e+06 150436
22900 5941  6.21211 18592.4   -5.93641e+06 150509
23000 5944  6.21211 18611.9   -5.94035e+06 150573
23100 5946  6.21211 18621.6   -5.94303e+06 150606
23200 5947  6.21211 18639.5   -5.9447e+06 150610
23300 5947  6.21211 18650.6   -5.9447e+06 150610
23400 5948  6.21211 18670   -5.94592e+06 150611
23500 5949  6.21211 18679.4   -5.9477e+06 150598
23600 5952  6.21211 18693.6   -5.95227e+06 150635
23700 5953  6.21211 18707.3   -5.95378e+06 150630
23800 5953  6.21211 18722.6   -5.95378e+06 150630
23900 5953  6.33398 18733.7   -5.95378e+06 150630
24000 5955  6.33398 18745.5   -5.95628e+06 150647
24100 5957  6.33398 18757.2   -5.95822e+06 150694
24200 5958  6.33398 18766.7   -5.95998e+06 150721
24300 5959  6.35414 18780   -5.96175e+06 150719
24400 5961  6.35414 18792.1   -5.96482e+06 150834
24500 5961  6.36635 18806.2   -5.96482e+06 150834
24600 5962  6.36635 18820.7   -5.96598e+06 150854
24700 5964  6.43439 18832.9   -5.96831e+06 150903
24800 5969  6.48169 18850.6   -5.97488e+06 151026
24900 5970  6.48169 18862.7   -5.97588e+06 151054
25000 5971  6.48169 18880.1   -5.97686e+06 151065
25100 5971  6.48169 18893.5   -5.97686e+06 151065
25200 5973  6.48169 18905.8   -5.97905e+06 151081
25300 5975  6.5334 18918.8   -5.98111e+06 151128
25400 5976  6.56587 18930.5   -5.9826e+06 151134
25500 5978  6.56587 18944.8   -5.98519e+06 151147
25600 5978  6.60209 18956.6   -5.98519e+06 151147
25700 5980  6.60209 18967   -5.98868e+06 151166
25800 5980  6.60209 18978.7   -5.98868e+06 151166
25900 5983  6.60209 18991.8   -5.99279e+06 151230
26000 5983  6.60209 19004.2   -5.99279e+06 151230
26100 5983  6.60209 19018.8   -5.99279e+06 151230
26200 5984  6.60209 19030.8   -5.99476e+06 151287
26300 5985  6.60209 19042.6   -5.99599e+06 151312
26400 5987  6.60209 19056.2   -5.9988e+06 151389
26500 5987  6.60209 19064.8   -5.9988e+06 151389
26600 5987  6.60209 19076.4   -5.9988e+06 151389
26700 5988  6.60209 19086.9   -6.00042e+06 151426
26800 5989  6.60209 19100.3   -6.00169e+06 151434
26900 5989  6.60209 19113.7   -6.00169e+06 151434
27000 5990  6.60209 19126.3   -6.00262e+06 151440
27100 5991  6.60209 19137   -6.00416e+06 151440
27200 5992  6.60209 19150.5   -6.00548e+06 151443
27300 5992  6.60209 19165.3   -6.00548e+06 151443
27400 5993  6.60209 19181.3   -6.00624e+06 151477
27500 5994  6.60209 19195.4   -6.00761e+06 151485
27600 5996  6.60209 19206   -6.01026e+06 151495
27700 5997  6.60209 19223.2   -6.01168e+06 151495
27800 5998  6.60209 19234.7   -6.01263e+06 151504
27900 5998  6.60209 19252   -6.01263e+06 151504
28000 5998  6.60209 19264   -6.01263e+06 151504
28100 5999  6.60209 19275.3   -6.01427e+06 151555
28200 6000  6.60209 19283.6   -6.01564e+06 151568
28300 6002  6.60209 19298.5   -6.01875e+06 151634
28400 6002  6.60209 19310.1   -6.01875e+06 151634
28500 6002  6.60209 19320.3   -6.01875e+06 151634
28600 6002  6.60209 19334.4   -6.01875e+06 151634
28700 6003  6.60209 19342.6   -6.01959e+06 151660
28800 6003  6.60209 19356.5   -6.01959e+06 151660
28900 6004  6.60209 19367.4   -6.02063e+06 151673
29000 6005  6.60209 19379.8   -6.02167e+06 151683
29100 6006  6.60209 19389.6   -6.02339e+06 151716
29200 6007  6.60209 19405.4   -6.02443e+06 151723
29300 6008  6.60209 19415.6   -6.02562e+06 151732
29400 6008  6.60209 19424.3   -6.02562e+06 151732
29500 6008  6.60209 19434.6   -6.02562e+06 151732
29600 6008  6.60209 19444.1   -6.02562e+06 151732
29700 6009  6.60209 19458.5   -6.02681e+06 151743
29800 6011  6.60209 19471.9   -6.03076e+06 151883
29900 6011  6.60209 19484.8   -6.03076e+06 151883
30000 6011  6.60209 19495.5   -6.03076e+06 151883
30100 6011  6.60209 19512.3   -6.03076e+06 151883
30200 6013  6.60209 19524   -6.03362e+06 151898
30300 6014  6.60209 19542   -6.03474e+06 151921
30400 6014  6.60209 19553.5   -6.03474e+06 151921
30500 6015  6.60209 19565.8   -6.03603e+06 151933
30600 6016  6.60209 19576   -6.03749e+06 151938
30700 6018  6.60209 19590   -6.04029e+06 151943
30800 6019  6.60209 19602.3   -6.04132e+06 151959
30900 6022  6.60209 19610.9   -6.04443e+06 152022
31000 6022  6.60209 19622.9   -6.04443e+06 152022
31100 6023  6.60209 19634.4   -6.04606e+06 152061
31200 6026  6.60209 19649.4   -6.04973e+06 152119
31300 6027  6.60209 19665.2   -6.0512e+06 152107
31400 6028  6.60209 19674.7   -6.05206e+06 152128
31500 6030  6.60209 19688.9   -6.05435e+06 152149
31600 6032  6.60209 19702.8   -6.05698e+06 152176
31700 6032  6.60209 19713.9   -6.05698e+06 152176
31800 6032  6.60209 19729.2   -6.05698e+06 152176
31900 6034  6.60209 19739.4   -6.05887e+06 152217
32000 6035  6.60209 19749.6   -6.05978e+06 152237
32100 6035  6.60209 19758.3   -6.05978e+06 152237
32200 6035  6.63533 19770.7   -6.05978e+06 152237
32300 6036  6.63533 19783.2   -6.06086e+06 152252
32400 6036  6.64692 19794.4   -6.06086e+06 152252
32500 6037  6.64692 19809.3   -6.06216e+06 152261
32600 6040  6.64692 19818.2   -6.06561e+06 152285
32700 6040  6.64692 19828.3   -6.06561e+06 152285
32800 6040  6.64692 19836.8   -6.06561e+06 152285
32900 6040  6.64692 19843.4   -6.06561e+06 152285
33000 6041  6.64692 19853.8   -6.06664e+06 152298
33100 6042  6.64692 19867.3   -6.06826e+06 152366
33200 6044  6.64692 19882.5   -6.07043e+06 152425
33300 6044  6.73919 19895.2   -6.07043e+06 152425
33400 6045  6.73919 19906.8   -6.07174e+06 152428
33500 6047  6.73919 19925.9   -6.07419e+06 152437
33600 6049  6.73919 19935.1   -6.07633e+06 152475
33700 6049  6.73919 19945.8   -6.07633e+06 152475
33800 6050  6.73919 19954   -6.07748e+06 152471
33900 6050  6.73919 19965.9   -6.07748e+06 152471
34000 6051  6.73919 19972.8   -6.07869e+06 152477
34100 6053  6.73919 19982   -6.08132e+06 152494
34200 6055  6.73919 19993.5   -6.08396e+06 152482
34300 6055  6.73919 19999.9   -6.08396e+06 152482
34400 6055  6.73919 20006.1   -6.08396e+06 152482
34500 6055  6.73919 20015.6   -6.08396e+06 152482
34600 6057  6.73919 20027.7   -6.08604e+06 152533
34700 6059  6.73919 20039.2   -6.08811e+06 152566
34800 6060  6.73919 20048.2   -6.08919e+06 152569
34900 6061  6.73919 20061   -6.09066e+06 152565
35000 6061  6.73919 20069.8   -6.09066e+06 152565
35100 6061  6.77242 20081.9   -6.09066e+06 152565
35200 6062  6.77242 20093.2   -6.09238e+06 152580
35300 6063  6.77242 20100   -6.09322e+06 152599
35400 6065  6.77242 20109.8   -6.09642e+06 152635
35500 6065  6.77242 20118.2   -6.09642e+06 152635
35600 6065  6.77242 20129.1   -6.09642e+06 152635
35700 6066  6.77242 20136.7   -6.09776e+06 152633
35800 6067  6.77242 20145.4   -6.09908e+06 152648
35900 6068  6.77242 20160   -6.10082e+06 152639
36000 6068  6.77564 20172.9   -6.10082e+06 152639
36100 6069  6.77564 20178   -6.10188e+06 152662
36200 6070  6.77564 20188.2   -6.10248e+06 152708
36300 6070  6.77564 20196   -6.10248e+06 152708
36400 6071  6.77564 20201.3   -6.10364e+06 152731
36500 6071  6.77564 20209.6   -6.10364e+06 152731
36600 6071  6.78016 20217.4   -6.10364e+06 152731
36700 6073  6.78016 20227.4   -6.10588e+06 152778
36800 6073  6.94925 20238.8   -6.10588e+06 152778
36900 6073  6.94925 20248   -6.10588e+06 152778
37000 6073  6.94925 20256.9   -6.10588e+06 152778
37100 6073  6.94925 20264.9   -6.10588e+06 152778
37200 6073  6.94925 20275.4   -6.10588e+06 152778
37300 6075  6.94925 20285   -6.10852e+06 152784
37400 6075  6.94925 20292.2   -6.10852e+06 152784
37500 6076  6.94925 20304   -6.11008e+06 152783
37600 6076  6.94925 20312.5   -6.11008e+06 152783
37700 6077  6.94925 20320.4   -6.11138e+06 152787
37800 6078  6.94925 20328.9   -6.11245e+06 152784
