0 3  0.64982 1.46783   -9 0
100 672  2.22308 826.917   -220658 9194.35
200 1118  2.58863 1564.01   -470016 18907.8
300 1375  3.03866 2151.14   -646075 25804
400 1654  3.4504 2681.08   -861754 36460.2
500 1994  3.52183 3209.34   -1.14859e+06 50669.7
600 2287  3.56815 3686.38   -1.40531e+06 60784.9
700 2512  4.05482 4094.97   -1.61447e+06 67184.6
800 2713  4.0921 4452.36   -1.80382e+06 72541.3
900 2845  4.0921 4790.71   -1.93157e+06 76238.3
1000 3000  4.19033 5127.65   -2.0935e+06 79316.4
1100 3108  4.27996 5419.14   -2.21044e+06 81783.5
1200 3256  4.27996 5725.89   -2.37004e+06 83937.7
1300 3377  4.27996 6007.11   -2.50701e+06 86413.2
1400 3489  4.27996 6288.97   -2.63667e+06 90714.6
1500 3595  4.37596 6567.02   -2.76428e+06 94341.8
1600 3692  4.50202 6844.14   -2.87961e+06 97686.4
1700 3805  4.50202 7123.44   -3.02442e+06 101323
1800 3893  4.50537 7388.54   -3.13502e+06 104098
1900 3965  4.50537 7631.41   -3.23133e+06 106376
2000 4057  4.57308 7894.45   -3.34974e+06 109149
2100 4127  4.57308 8124.34   -3.43277e+06 110344
2200 4188  4.57308 8354.53   -3.51142e+06 111837
2300 4238  4.59922 8577.58   -3.57499e+06 112681
2400 4282  4.59922 8801.51   -3.63562e+06 113994
2500 4320  4.62807 8986.2   -3.69079e+06 115086
2600 4354  4.66375 9175.3   -3.73746e+06 116190
2700 4384  4.66375 9348.6   -3.77685e+06 116968
2800 4419  4.71561 9532.67   -3.81929e+06 117648
2900 4441  4.71561 9687.48   -3.84963e+06 118320
3000 4481  4.71561 9849.22   -3.89887e+06 119435
3100 4507  4.71561 10007.3   -3.92964e+06 119982
3200 4541  4.71561 10175.9   -3.97491e+06 120919
3300 4566  4.71561 10308.9   -4.00878e+06 121423
3400 4590  4.71561 10464.2   -4.04258e+06 122061
3500 4617  4.71561 10615.3   -4.07669e+06 122752
3600 4644  4.71561 10761.8   -4.11096e+06 123513
3700 4668  4.73716 10893.5   -4.14574e+06 123854
3800 4692  4.73716 11039.8   -4.17738e+06 124273
3900 4714  4.73716 11179.4   -4.20445e+06 124809
4000 4739  4.73716 11306.7   -4.23798e+06 125165
4100 4772  4.80238 11448.3   -4.27622e+06 125396
4200 4806  4.80238 11581.6   -4.3233e+06 125930
4300 4829  4.83655 11706.9   -4.35321e+06 126086
4400 4858  4.98029 11832.5   -4.3938e+06 126780
4500 4882  4.98029 11945.9   -4.42691e+06 127204
4600 4906  4.98029 12071.8   -4.46326e+06 127758
4700 4930  4.98029 12191.9   -4.49859e+06 128344
4800 4960  5.02036 12303.1   -4.54407e+06 128636
4900 4985  5.02036 12392.6   -4.58001e+06 129050
5000 5006  5.02036 12494.8   -4.61337e+06 129561
5100 5021  5.02036 12590.8   -4.63484e+06 129852
5200 5040  5.02036 12686.1   -4.66306e+06 130393
5300 5056  5.02036 12774.5   -4.68413e+06 130686
5400 5074  5.02036 12858.6   -4.71197e+06 131230
5500 5087  5.02036 12930.5   -4.73174e+06 131720
5600 5101  5.02186 13007   -4.74929e+06 131806
5700 5113  5.04022 13090.3   -4.76711e+06 132200
5800 5127  5.04022 13168.5   -4.78442e+06 132774
5900 5144  5.19087 13249.4   -4.80879e+06 133130
6000 5153  5.19087 13321.7   -4.82091e+06 133297
6100 5174  5.19087 13396.5   -4.8499e+06 133719
6200 5189  5.19087 13463.2   -4.87155e+06 134039
6300 5198  5.19087 13544.2   -4.88522e+06 134351
6400 5207  5.19483 13625.8   -4.89628e+06 134462
6500 5216  5.19483 13700.8   -4.90746e+06 134565
6600 5225  5.19483 13768.9   -4.92102e+06 134828
6700 5236  5.24762 13839.1   -4.93726e+06 135175
6800 5244  5.24762 13903.5   -4.94889e+06 135264
6900 5259  5.24762 13980.7   -4.96963e+06 135605
7000 5266  5.24762 14054.2   -4.97849e+06 135661
7100 5278  5.33949 14130.5   -4.99803e+06 136043
7200 5289  5.33949 14193.1   -5.0113e+06 136247
7300 5297  5.33949 14261.2   -5.02151e+06 136399
7400 5304  5.33949 14323.9   -5.03042e+06 136495
7500 5312  5.33949 14390.5   -5.04226e+06 136643
7600 5322  5.33949 14458.5   -5.05895e+06 136862
7700 5334  5.33949 14530.8   -5.07672e+06 137206
7800 5342  5.36473 14592.5   -5.08741e+06 137410
7900 5351  5.38315 14648.4   -5.09686e+06 137673
8000 5359  5.39292 14707.8   -5.10843e+06 137880
8100 5364  5.40843 14767.4   -5.11336e+06 137979
8200 5375  5.43309 14834.2   -5.12622e+06 138297
8300 5382  5.43309 14896.1   -5.13438e+06 138411
8400 5388  5.43309 14947.8   -5.141e+06 138458
8500 5400  5.45859 15015.1   -5.15919e+06 138721
8600 5406  5.50668 15074.1   -5.16755e+06 138821
8700 5414  5.50668 15130.7   -5.17911e+06 138989
8800 5421  5.50668 15191.9   -5.1887e+06 139194
8900 5431  5.50668 15240   -5.20175e+06 139384
9000 5439  5.50668 15297.5   -5.21242e+06 139501
9100 5446  5.50668 15352.5   -5.22084e+06 139680
9200 5452  5.50668 15397.9   -5.22979e+06 139727
9300 5457  5.50668 15449.3   -5.23567e+06 139781
9400 5459  5.50668 15503.4   -5.2383e+06 139813
9500 5468  5.58771 15556.6   -5.25148e+06 139918
9600 5473  5.58771 15607.3   -5.25884e+06 140206
9700 5482  5.58771 15652.6   -5.27127e+06 140322
9800 5494  5.62876 15701.1   -5.28624e+06 140466
9900 5499  5.62876 15750.7   -5.29194e+06 140554
10000 5504  5.62876 15791.3   -5.29776e+06 140611
10100 5511  5.62876 15845.4   -5.30776e+06 140705
10200 5519  5.62876 15896.2   -5.31762e+06 140890
10300 5521  5.62876 15936.9   -5.32024e+06 140891
10400 5523  5.62876 15974.5   -5.32235e+06 140947
10500 5530  5.62876 16027.3   -5.33045e+06 141107
10600 5537  5.62876 16064   -5.34061e+06 141281
10700 5541  5.62876 16113.1   -5.3465e+06 141425
10800 5547  5.62876 16156.5   -5.3546e+06 141457
10900 5553  5.62876 16210.8   -5.36096e+06 141504
11000 5556  5.62876 16253.3   -5.36501e+06 141564
11100 5565  5.62876 16303.8   -5.37734e+06 141792
11200 5567  5.67015 16344.4   -5.37867e+06 141871
11300 5572  5.67015 16386   -5.38614e+06 142029
11400 5573  5.67015 16426.9   -5.38803e+06 142051
11500 5579  5.67015 16464.7   -5.39441e+06 142102
11600 5583  5.68405 16506.1   -5.40089e+06 142091
11700 5585  5.72592 16552.4   -5.40283e+06 142140
11800 5588  5.72592 16600.7   -5.4085e+06 142281
11900 5594  5.72592 16636.6   -5.41632e+06 142384
12000 5599  5.72592 16671.1   -5.42206e+06 142494
12100 5601  5.72592 16706   -5.42493e+06 142485
12200 5604  5.8334 16743.2   -5.42874e+06 142489
12300 5607  5.8334 16781   -5.4332e+06 142537
12400 5611  5.8334 16812.3   -5.43699e+06 142610
12500 5612  5.8334 16848.3   -5.4379e+06 142625
12600 5614  5.87443 16883.9   -5.44034e+06 142664
12700 5617  5.87443 16919.1   -5.44459e+06 142659
12800 5620  5.87443 16953.6   -5.44826e+06 142701
12900 5620  5.87443 16981   -5.44826e+06 142701
13000 5621  5.87443 17010   -5.44905e+06 142731
13100 5627  5.89252 17050.5   -5.4568e+06 142941
13200 5631  5.89252 17079.2   -5.46266e+06 142947
13300 5635  5.89252 17112.3   -5.4692e+06 143003
13400 5637  5.89252 17137   -5.47093e+06 143050
13500 5641  5.89252 17173.4   -5.47662e+06 143157
13600 5644  5.89252 17201.5   -5.48112e+06 143183
13700 5645  5.89252 17225.9   -5.48259e+06 143198
13800 5646  5.89252 17250.8   -5.48334e+06 143229
13900 5649  5.89252 17282.3   -5.48577e+06 143310
14000 5651  5.89252 17311.6   -5.48808e+06 143345
14100 5653  5.89252 17343   -5.49106e+06 143372
14200 5656  6.01018 17376.1   -5.49477e+06 143486
14300 5662  6.01018 17410.2   -5.50354e+06 143657
14400 5665  6.01018 17443.6   -5.50832e+06 143712
14500 5668  6.01018 17473.3   -5.51347e+06 143847
14600 5672  6.01018 17503   -5.51833e+06 143892
14700 5674  6.01018 17533.5   -5.52094e+06 143948
14800 5681  6.01018 17562.6   -5.53009e+06 144086
14900 5687  6.01018 17590.7   -5.53917e+06 144240
15000 5691  6.01018 17615.6   -5.54452e+06 144345
15100 5694  6.01018 17647.4   -5.54833e+06 144349
15200 5698  6.01018 17676.2   -5.55217e+06 144391
15300 5701  6.01018 17700.8   -5.55563e+06 144418
15400 5705  6.01018 17725.5   -5.55952e+06 144492
15500 5711  6.01018 17764.7   -5.56664e+06 144653
15600 5714  6.01018 17792.2   -5.5697e+06 144696
15700 5721  6.01018 17815   -5.57813e+06 144862
15800 5721  6.01018 17842   -5.57813e+06 144862
15900 5725  6.01018 17865   -5.58323e+06 144897
16000 5727  6.01018 17886.5   -5.58586e+06 144988
16100 5733  6.01018 17917.7   -5.59345e+06 145245
16200 5734  6.01018 17938.2   -5.59458e+06 145266
16300 5736  6.01018 17960.7   -5.59774e+06 145308
16400 5737  6.01018 17986.2   -5.59973e+06 145346
16500 5742  6.01018 18020.1   -5.60769e+06 145475
16600 5744  6.01018 18044.7   -5.60951e+06 145525
16700 5748  6.01018 18066.2   -5.6143e+06 145573
16800 5751  6.01018 18090.8   -5.61742e+06 145652
16900 5753  6.01018 18113.4   -5.62015e+06 145688
17000 5755  6.01018 18134.6   -5.62248e+06 145744
17100 5760  6.02184 18155.1   -5.62795e+06 145871
17200 5763  6.04215 18175.8   -5.63403e+06 146008
17300 5765  6.04215 18193.6   -5.63574e+06 146077
17400 5769  6.04215 18218.6   -5.64169e+06 146193
17500 5771  6.04215 18236   -5.64437e+06 146221
17600 5772  6.04215 18260.2   -5.6453e+06 146229
17700 5774  6.04215 18283   -5.64907e+06 146307
17800 5774  6.04215 18312.2   -5.64907e+06 146307
17900 5777  6.04215 18339.5   -5.65419e+06 146313
18000 5780  6.04215 18356.4   -5.65818e+06 146302
18100 5783  6.04215 18379.2   -5.66248e+06 146296
18200 5784  6.04215 18402.2   -5.66334e+06 146328
18300 5789  6.04215 18427.7   -5.67038e+06 146531
18400 5792  6.04215 18448   -5.67502e+06 146575
18500 5794  6.04215 18469.4   -5.67836e+06 146664
18600 5794  6.04215 18484   -5.67836e+06 146664
18700 5798  6.04215 18499.1   -5.68249e+06 146763
18800 5801  6.04215 18517.8   -5.68676e+06 146837
18900 5807  6.04215 18543.4   -5.69508e+06 146935
19000 5813  6.14806 18565.4   -5.7022e+06 147011
19100 5817  6.14806 18584.8   -5.70717e+06 147017
19200 5818  6.14806 18601.2   -5.7088e+06 147017
19300 5825  6.14806 18621.3   -5.71789e+06 147094
19400 5832  6.14806 18640.7   -5.72676e+06 147227
19500 5835  6.14806 18661.3   -5.72982e+06 147254
19600 5839  6.14806 18683.1   -5.73514e+06 147442
19700 5840  6.17925 18699.1   -5.73609e+06 147458
19800 5846  6.17925 18720.2   -5.74389e+06 147598
19900 5848  6.17925 18741.8   -5.7477e+06 147661
20000 5850  6.17925 18760.8   -5.75016e+06 147715
20100 5853  6.21297 18780.8   -5.75443e+06 147756
20200 5854  6.28393 18798.4   -5.75516e+06 147783
20300 5860  6.28393 18818.7   -5.76331e+06 147878
20400 5862  6.28393 18831.7   -5.766e+06 147876
20500 5862  6.28393 18846.9   -5.766e+06 147876
20600 5866  6.28393 18864.4   -5.77091e+06 147926
20700 5867  6.28393 18879.2   -5.77195e+06 147937
20800 5871  6.28393 18903.5   -5.77714e+06 148009
20900 5875  6.28393 18926.4   -5.7831e+06 148125
21000 5878  6.28393 18940.9   -5.786e+06 148211
21100 5879  6.28393 18959.9   -5.78717e+06 148208
21200 5883  6.28393 18979.6   -5.79252e+06 148266
21300 5886  6.28393 18999   -5.79681e+06 148330
21400 5889  6.28393 19021.9   -5.80016e+06 148404
21500 5890  6.28393 19037.7   -5.80139e+06 148420
21600 5893  6.28393 19053.6   -5.80548e+06 148436
21700 5896  6.28393 19075.6   -5.80883e+06 148495
21800 5898  6.28393 19089.8   -5.81163e+06 148520
21900 5901  6.28393 19105.6   -5.81596e+06 148563
22000 5907  6.28393 19126.6   -5.82274e+06 148636
22100 5913  6.28393 19141.2   -5.83082e+06 148627
22200 5915  6.28393 19153.8   -5.83365e+06 148607
22300 5919  6.28393 19174.8   -5.83983e+06 148666
22400 5922  6.28393 19193.3   -5.84395e+06 148746
22500 5927  6.28393 19217.6   -5.85102e+06 148870
22600 5934  6.28393 19235.5   -5.85862e+06 148956
22700 5936  6.28393 19247.7   -5.86146e+06 148987
22800 5943  6.28393 19263.1   -5.87056e+06 149147
22900 5949  6.28393 19277.5   -5.87884e+06 149292
23000 5950  6.28393 19291.1   -5.8802e+06 149310
23100 5953  6.28393 19307.8   -5.8839e+06 149405
23200 5960  6.28393 19325.3   -5.89201e+06 149542
23300 5963  6.28393 19343.8   -5.89514e+06 149629
23400 5968  6.28393 19361.1   -5.90149e+06 149664
23500 5973  6.28393 19375.8   -5.90792e+06 149716
23600 5982  6.28393 19392.9   -5.91956e+06 149844
23700 5985  6.31052 19411.8   -5.92288e+06 149933
23800 5986  6.31994 19425.4   -5.9241e+06 149940
23900 5995  6.31994 19443.3   -5.93635e+06 150109
24000 6007  6.31994 19467.3   -5.95095e+06 150225
24100 6012  6.31994 19484.2   -5.95565e+06 150375
24200 6016  6.31994 19504.7   -5.96185e+06 150548
24300 6018  6.31994 19524.6   -5.96416e+06 150582
24400 6019  6.31994 19539.3   -5.96604e+06 150627
24500 6024  6.31994 19557   -5.97282e+06 150870
24600 6025  6.31994 19567.7   -5.9744e+06 150899
24700 6030  6.31994 19582.4   -5.98085e+06 151014
24800 6034  6.31994 19598   -5.98561e+06 151101
24900 6037  6.31994 19610   -5.98994e+06 151221
25000 6040  6.31994 19627.5   -5.99311e+06 151281
25100 6040  6.31994 19638.1   -5.99311e+06 151281
25200 6046  6.31994 19651.5   -6.00262e+06 151464
25300 6049  6.31994 19668   -6.00624e+06 151576
25400 6049  6.31994 19683.1   -6.00624e+06 151576
25500 6053  6.31994 19691.5   -6.01056e+06 151698
25600 6060  6.31994 19708.3   -6.01884e+06 151828
25700 6060  6.31994 19721.5   -6.01884e+06 151828
25800 6063  6.31994 19736.6   -6.02288e+06 151878
25900 6066  6.31994 19756.6   -6.02696e+06 151993
26000 6067  6.31994 19767.9   -6.02926e+06 152046
26100 6070  6.32296 19792.4   -6.03437e+06 152112
26200 6072  6.32296 19804.2   -6.03699e+06 152154
26300 6073  6.32296 19815   -6.03888e+06 152189
26400 6076  6.32296 19828.8   -6.04287e+06 152288
26500 6076  6.32296 19838.6   -6.04287e+06 152288
26600 6080  6.32296 19858.9   -6.04826e+06 152336
26700 6082  6.32296 19867.9   -6.05086e+06 152377
26800 6086  6.32296 19885.8   -6.05609e+06 152439
26900 6088  6.34147 19897.3   -6.05836e+06 152470
27000 6091  6.34147 19913.8   -6.062e+06 152521
27100 6094  6.34147 19929.2   -6.06527e+06 152591
27200 6095  6.34147 19944.2   -6.06638e+06 152611
27300 6099  6.34147 19955.6   -6.07148e+06 152651
27400 6102  6.34147 19972.2   -6.07585e+06 152746
27500 6106  6.34651 19986.4   -6.08004e+06 152834
27600 6111  6.34651 20007.6   -6.08812e+06 152930
27700 6112  6.35733 20019.6   -6.08933e+06 152927
27800 6115  6.35733 20033   -6.09308e+06 152978
27900 6119  6.35733 20049.8   -6.09801e+06 153041
28000 6125  6.45786 20060.6   -6.10584e+06 153137
28100 6127  6.45786 20077   -6.10767e+06 153198
28200 6128  6.45786 20092.1   -6.10857e+06 153208
28300 6130  6.45786 20106   -6.11091e+06 153208
28400 6131  6.45786 20114.6   -6.11222e+06 153210
28500 6134  6.45786 20126.3   -6.11606e+06 153260
28600 6136  6.45786 20136.5   -6.11794e+06 153284
28700 6136  6.45786 20144.2   -6.11794e+06 153284
28800 6136  6.45786 20153.4   -6.11794e+06 153284
28900 6137  6.50454 20166   -6.11902e+06 153284
29000 6137  6.50454 20179.1   -6.11902e+06 153284
29100 6139  6.50454 20189.2   -6.12171e+06 153310
29200 6140  6.50454 20200.8   -6.12302e+06 153311
29300 6143  6.50454 20209.5   -6.12772e+06 153315
29400 6145  6.50454 20222.7   -6.12945e+06 153360
29500 6148  6.50454 20233.4   -6.13321e+06 153386
29600 6149  6.50454 20247.9   -6.13414e+06 153399
29700 6154  6.50454 20261   -6.14008e+06 153473
29800 6157  6.50454 20268   -6.1431e+06 153540
29900 6159  6.50454 20279.8   -6.14629e+06 153580
30000 6159  6.50454 20291.1   -6.14629e+06 153580
30100 6159  6.50454 20299.7   -6.14629e+06 153580
30200 6161  6.50454 20310.4   -6.14901e+06 153627
30300 6165  6.50454 20319.2   -6.15386e+06 153712
30400 6167  6.50454 20332.4   -6.15633e+06 153708
30500 6169  6.50454 20346.8   -6.15955e+06 153717
30600 6172  6.50454 20362.2   -6.16321e+06 153786
30700 6175  6.50454 20374.6   -6.16832e+06 153936
30800 6178  6.50454 20385.4   -6.17118e+06 154009
30900 6180  6.50454 20399   -6.17389e+06 153998
31000 6181  6.50454 20412.6   -6.17571e+06 154024
31100 6183  6.50454 20426.4   -6.17862e+06 154065
31200 6184  6.50454 20440   -6.18067e+06 154063
31300 6185  6.50454 20453.4   -6.18193e+06 154066
31400 6186  6.50454 20461.8   -6.18362e+06 154105
31500 6188  6.50454 20473.6   -6.18592e+06 154118
31600 6188  6.50454 20483.3   -6.18592e+06 154118
31700 6189  6.50454 20490.5   -6.18709e+06 154138
31800 6190  6.5499 20500.6   -6.18805e+06 154171
31900 6191  6.5499 20512.1   -6.18941e+06 154180
32000 6193  6.5499 20521.2   -6.19139e+06 154195
32100 6195  6.5499 20534.5   -6.19471e+06 154188
32200 6197  6.5499 20543.5   -6.19636e+06 154251
32300 6201  6.5499 20553   -6.20154e+06 154304
32400 6206  6.5499 20570.8   -6.20862e+06 154375
32500 6208  6.5499 20580   -6.21074e+06 154402
32600 6209  6.5499 20586.9   -6.21165e+06 154410
32700 6210  6.5499 20597.4   -6.2125e+06 154449
32800 6212  6.5499 20613.3   -6.21374e+06 154541
32900 6213  6.5499 20622.5   -6.21471e+06 154560
33000 6213  6.5499 20631.5   -6.21471e+06 154560
33100 6215  6.5499 20640.4   -6.21725e+06 154618
33200 6218  6.5499 20652.8   -6.22072e+06 154665
33300 6220  6.5499 20665.5   -6.22402e+06 154682
33400 6223  6.5499 20675.2   -6.22792e+06 154758
33500 6225  6.5499 20693.1   -6.2311e+06 154771
33600 6227  6.5499 20701.9   -6.2342e+06 154863
33700 6228  6.5499 20715.3   -6.2354e+06 154878
33800 6229  6.5499 20723.8   -6.23755e+06 154925
33900 6233  6.5499 20733.5   -6.24412e+06 154959
34000 6235  6.5624 20745.4   -6.24584e+06 155015
34100 6236  6.5624 20752.7   -6.24695e+06 155036
34200 6241  6.5624 20764.9   -6.25439e+06 155174
34300 6247  6.5624 20778.1   -6.26255e+06 155292
34400 6248  6.5624 20788   -6.2643e+06 155312
34500 6248  6.5624 20796   -6.2643e+06 155312
34600 6250  6.5624 20809.3   -6.26689e+06 155345
34700 6252  6.57716 20820.2   -6.26919e+06 155407
34800 6253  6.57716 20830.7   -6.27002e+06 155445
34900 6254  6.57716 20838.6   -6.27122e+06 155474
35000 6259  6.57716 20852.8   -6.27876e+06 155572
35100 6263  6.57716 20862.6   -6.28328e+06 155648
35200 6267  6.57716 20878.7   -6.2899e+06 155728
35300 6271  6.57716 20890.5   -6.29463e+06 155789
35400 6274  6.57716 20903.3   -6.29789e+06 155904
35500 6276  6.57716 20919.7   -6.3006e+06 155974
35600 6276  6.57716 20930.7   -6.3006e+06 155974
35700 6278  6.57716 20942.5   -6.30432e+06 156128
35800 6278  6.57716 20954.6   -6.30432e+06 156128
35900 6279  6.57716 20963.1   -6.306e+06 156146
36000 6279  6.57716 20974.9   -6.306e+06 156146
36100 6282  6.57716 20990.4   -6.30937e+06 156219
36200 6286  6.57716 21003.1   -6.31467e+06 156311
36300 6288  6.57716 21012   -6.31765e+06 156314
36400 6290  6.57716 21024.2   -6.32044e+06 156319
36500 6293  6.63377 21034.2   -6.32508e+06 156409
36600 6294  6.63377 21043.1   -6.32646e+06 156426
36700 6297  6.63377 21055.1   -6.32914e+06 156484
36800 6298  6.63377 21061.8   -6.32983e+06 156524
36900 6301  6.63377 21075.7   -6.33465e+06 156572
37000 6303  6.63377 21090.9   -6.33693e+06 156585
37100 6305  6.63377 21101.5   -6.33914e+06 156585
37200 6308  6.63377 21109.2   -6.34282e+06 156628
37300 6311  6.67791 21121.9   -6.34691e+06 156660
37400 6313  6.67791 21129.7   -6.34907e+06 156676
37500 6317  6.67791 21144   -6.35348e+06 156711
37600 6318  6.67791 21150.1   -6.35489e+06 156707
37700 6318  6.67791 21161.7   -6.35489e+06 156707
37800 6321  6.67791 21172.3   -6.35846e+06 156753
37900 6323  6.67791 21181.9   -6.36103e+06 156731
38000 6324  6.67791 21191.2   -6.36194e+06 156753
38100 6326  6.67791 21199.5   -6.36379e+06 156802
38200 6329  6.67791 21211.3   -6.36677e+06 156849
38300 6332  6.67791 21218.9   -6.37128e+06 156962
38400 6337  6.67791 21228.8   -6.37862e+06 157145
38500 6339  6.67791 21240.6   -6.3805e+06 157198
38600 6341  6.67791 21252   -6.38394e+06 157219
38700 6348  6.67791 21260.4   -6.39062e+06 157394
38800 6350  6.67791 21269.6   -6.39235e+06 157464
38900 6351  6.67791 21278.3   -6.39342e+06 157472
39000 6351  6.67791 21286.6   -6.39342e+06 157472
39100 6354  6.67791 21294.6   -6.39958e+06 157553
39200 6356  6.67791 21304.3   -6.40256e+06 157555
39300 6358  6.67791 21312.4   -6.40548e+06 157611
39400 6358  6.67791 21323.5   -6.40548e+06 157611
39500 6360  6.67791 21331.2   -6.40867e+06 157622
39600 6367  6.79431 21344.5   -6.41865e+06 157664
39700 6368  6.79431 21355.6   -6.41971e+06 157668
39800 6369  6.79431 21363.6   -6.42167e+06 157682
39900 6370  6.79431 21372.2   -6.42311e+06 157687
40000 6372  6.79431 21379.1   -6.42561e+06 157733
