0 468  2.45788 40.3881   -45410 2400.55
100 4570  3.47159 2938.83   -3.57343e+06 118742
200 5666  3.6827 5064.33   -4.97139e+06 142393
300 6302  3.6827 6869.13   -5.833e+06 156119
400 6692  4.97824 8450.52   -6.38294e+06 164390
500 6975  5.5407 9899.98   -6.78967e+06 170471
600 7154  5.55836 11160.7   -7.05203e+06 173509
700 7329  5.84642 12279.9   -7.29824e+06 176067
800 7474  5.98621 13314.3   -7.52633e+06 179351
900 7585  6.01179 14298.5   -7.69574e+06 181284
1000 7690  6.11397 15198.8   -7.85525e+06 182618
1100 7764  6.11397 16045.7   -7.97367e+06 183858
1200 7830  6.44349 16820.9   -8.07461e+06 184956
1300 7884  7.2251 17573.2   -8.15293e+06 185527
1400 7955  7.39623 18302.9   -8.249e+06 186235
1500 7990  7.39623 18993.6   -8.30484e+06 187088
1600 8024  7.42488 19675.1   -8.35396e+06 187614
1700 8063  7.44583 20285.8   -8.41467e+06 188384
1800 8099  7.55528 20897.1   -8.46874e+06 188914
1900 8127  7.55528 21491.2   -8.50684e+06 189282
2000 8157  7.68039 22022.4   -8.5476e+06 189699
2100 8178  7.68039 22540.3   -8.58263e+06 189932
2200 8204  7.68039 23017   -8.62232e+06 190347
2300 8236  7.68039 23506.8   -8.67104e+06 190717
2400 8271  7.71566 24005.2   -8.72324e+06 191438
2500 8290  7.71566 24444.4   -8.75549e+06 191767
2600 8310  7.71566 24868   -8.78648e+06 192093
2700 8330  7.71566 25315.7   -8.82285e+06 192429
2800 8347  8.10317 25707.1   -8.85029e+06 192613
2900 8367  8.10317 26086.1   -8.88829e+06 193283
3000 8382  8.10317 26456.4   -8.9133e+06 193602
3100 8395  8.15924 26799.4   -8.93046e+06 193688
3200 8409  8.44133 27145.6   -8.95334e+06 193829
3300 8421  8.50334 27468.6   -8.97182e+06 194033
3400 8428  8.53275 27791.5   -8.98214e+06 194073
3500 8443  8.53275 28101.3   -9.00459e+06 194291
3600 8454  8.6072 28391.2   -9.0234e+06 194728
3700 8464  8.6072 28695.7   -9.03599e+06 194729
3800 8471  8.6072 28993.5   -9.04345e+06 194879
3900 8476  8.73492 29298.3   -9.05391e+06 195045
4000 8488  8.90247 29563   -9.07527e+06 195314
4100 8500  8.90247 29835.5   -9.0963e+06 195479
4200 8510  8.90247 30095.3   -9.11211e+06 195653
4300 8525  9.0844 30339.4   -9.13424e+06 195979
4400 8534  9.0844 30590.2   -9.14934e+06 196139
4500 8543  9.0844 30834.8   -9.16204e+06 196276
4600 8555  9.0844 31069.8   -9.18024e+06 196482
4700 8567  9.0844 31320.7   -9.20004e+06 196884
4800 8574  9.0844 31564.2   -9.20743e+06 197063
4900 8584  9.0844 31807.2   -9.22301e+06 197253
5000 8601  9.0844 32014.6   -9.24938e+06 197655
5100 8617  9.14763 32262.4   -9.27776e+06 198028
5200 8626  9.16077 32505.4   -9.28974e+06 198201
5300 8639  9.3972 32757.5   -9.31193e+06 198535
5400 8645  9.3972 32989.7   -9.32226e+06 198619
5500 8657  9.3972 33199.2   -9.34218e+06 198849
5600 8666  9.3972 33413.9   -9.35858e+06 198966
5700 8670  9.3972 33639.9   -9.36569e+06 199057
5800 8680  9.52614 33840.2   -9.38209e+06 199258
5900 8689  9.52614 34047.7   -9.39695e+06 199480
6000 8696  9.60282 34242.5   -9.40906e+06 199540
6100 8704  9.60282 34447.3   -9.42127e+06 199634
6200 8712  9.60282 34628.6   -9.43256e+06 199762
6300 8719  9.60282 34817.6   -9.44464e+06 199959
6400 8733  9.60282 35027.9   -9.46674e+06 200322
6500 8740  9.7818 35220.8   -9.47753e+06 200471
6600 8748  10.2954 35392.1   -9.49262e+06 200662
6700 8757  10.2954 35550.9   -9.50277e+06 200852
6800 8773  10.2954 35737.2   -9.52186e+06 201111
6900 8782  10.2954 35900.4   -9.5312e+06 201279
7000 8789  10.4793 36068.3   -9.54075e+06 201374
7100 8799  10.5483 36235.1   -9.55498e+06 201556
7200 8808  10.5483 36389.6   -9.56689e+06 201664
7300 8811  10.5483 36546.5   -9.57074e+06 201668
7400 8819  10.5483 36715.9   -9.58248e+06 201754
7500 8825  10.8076 36887   -9.59206e+06 201848
7600 8827  10.8076 37047.2   -9.59615e+06 201885
7700 8832  10.8076 37203   -9.60408e+06 201941
7800 8834  11.101 37350.9   -9.60656e+06 201936
7900 8841  11.1715 37505.4   -9.61663e+06 201989
8000 8845  11.1715 37650.2   -9.62386e+06 202106
8100 8851  11.1715 37789.1   -9.63351e+06 202162
8200 8853  11.1715 37926.1   -9.6373e+06 202174
8300 8856  11.1715 38059.4   -9.64288e+06 202172
8400 8862  11.6355 38225.9   -9.65057e+06 202192
8500 8862  11.6355 38346   -9.65057e+06 202192
8600 8865  11.6355 38488.7   -9.65622e+06 202243
8700 8867  11.6355 38593.4   -9.65916e+06 202269
8800 8870  11.6355 38737.1   -9.6639e+06 202275
8900 8876  11.6355 38881.3   -9.67416e+06 202367
9000 8882  11.6355 38993.7   -9.68137e+06 202454
9100 8883  11.6355 39129.7   -9.68367e+06 202495
9200 8884  11.6355 39250.8   -9.68498e+06 202480
9300 8887  11.6355 39387.4   -9.68878e+06 202511
9400 8889  11.6875 39523.2   -9.69179e+06 202525
9500 8891  11.6875 39646.3   -9.69514e+06 202580
9600 8892  11.6875 39770.1   -9.69672e+06 202592
9700 8894  11.6875 39881.9   -9.70119e+06 202664
9800 8895  11.6875 39990.6   -9.70303e+06 202679
9900 8897  11.6875 40089   -9.70612e+06 202694
10000 8901  11.7342 40224.3   -9.71404e+06 202859
10100 8903  11.7342 40339.6   -9.71696e+06 202886
10200 8903  11.7342 40456.8   -9.71696e+06 202886
10300 8905  11.7342 40568.6   -9.72075e+06 202855
10400 8908  11.7342 40704.1   -9.72639e+06 202930
10500 8913  11.7342 40817.2   -9.73563e+06 203061
10600 8916  11.7342 40937.7   -9.74094e+06 203094
10700 8916  11.7342 41034.4   -9.74094e+06 203094
10800 8919  11.7342 41130.5   -9.7453e+06 203139
10900 8925  11.7342 41267.2   -9.75522e+06 203253
11000 8927  11.7342 41362.7   -9.75922e+06 203267
11100 8932  11.7342 41476.7   -9.76641e+06 203330
11200 8935  11.7342 41570.9   -9.77195e+06 203452
11300 8938  11.7738 41674.3   -9.77566e+06 203465
11400 8940  11.7738 41781   -9.77937e+06 203478
11500 8942  11.7738 41899.7   -9.78161e+06 203512
11600 8943  11.7738 42013.9   -9.7832e+06 203528
11700 8947  11.7738 42101.9   -9.78872e+06 203683
11800 8948  11.7738 42220.9   -9.79058e+06 203696
11900 8949  12.0453 42346.1   -9.79149e+06 203708
12000 8952  12.0453 42428.5   -9.79688e+06 203716
12100 8954  12.0453 42508.3   -9.79923e+06 203726
12200 8955  12.0453 42604.7   -9.80093e+06 203721
12300 8955  12.0453 42689.1   -9.80093e+06 203721
12400 8957  12.0453 42789.4   -9.80432e+06 203775
12500 8960  12.1147 42863.4   -9.81014e+06 203811
12600 8962  12.1147 42949.8   -9.81326e+06 203837
12700 8962  12.1147 43040.8   -9.81326e+06 203837
12800 8963  12.1147 43129.5   -9.81506e+06 203853
12900 8965  12.1257 43202.5   -9.81822e+06 203840
13000 8965  12.1706 43288.2   -9.81822e+06 203840
13100 8965  12.5444 43389.9   -9.81822e+06 203840
13200 8966  12.5444 43479.1   -9.82024e+06 203869
13300 8968  12.6527 43571.8   -9.82308e+06 203896
13400 8968  12.6527 43645.5   -9.82308e+06 203896
13500 8972  12.6527 43733.4   -9.82978e+06 203936
13600 8976  12.6527 43840   -9.83643e+06 203994
13700 8980  12.6527 43937.7   -9.84124e+06 204069
13800 8982  12.6527 44024.6   -9.8448e+06 204067
13900 8985  12.6527 44125.8   -9.85049e+06 204146
14000 8985  12.6527 44224.8   -9.85049e+06 204146
14100 8989  12.6527 44320.9   -9.85517e+06 204173
14200 8990  12.6527 44411.5   -9.85608e+06 204186
14300 8991  12.6527 44494.1   -9.85824e+06 204195
14400 8992  12.6527 44583.7   -9.86033e+06 204235
14500 8992  12.6527 44666.5   -9.86033e+06 204235
14600 8995  12.6527 44747.2   -9.86492e+06 204243
14700 8997  12.6527 44834.1   -9.86708e+06 204267
14800 8997  12.6527 44908   -9.86708e+06 204267
14900 8998  12.6527 44980.8   -9.86829e+06 204267
15000 8999  12.6527 45045.6   -9.8693e+06 204276
15100 9001  12.6527 45123.7   -9.87337e+06 204318
15200 9003  12.6527 45192.8   -9.87707e+06 204353
15300 9006  12.6527 45282.6   -9.88187e+06 204435
15400 9006  12.7489 45351.9   -9.88187e+06 204435
15500 9007  12.7489 45418.9   -9.8837e+06 204471
15600 9011  12.7489 45485.4   -9.88987e+06 204536
15700 9012  12.7489 45552.7   -9.89187e+06 204565
15800 9013  12.7489 45624.1   -9.89349e+06 204592
15900 9014  12.7489 45698.3   -9.89476e+06 204588
16000 9017  12.7489 45770.4   -9.89942e+06 204629
16100 9019  12.7489 45838.4   -9.90282e+06 204693
16200 9021  12.7489 45901.2   -9.90577e+06 204720
16300 9022  12.7489 45970.4   -9.9075e+06 204739
16400 9022  12.7489 46038.8   -9.9075e+06 204739
16500 9025  12.7489 46101.1   -9.91235e+06 204792
16600 9026  12.7489 46170.2   -9.91342e+06 204794
16700 9027  12.7489 46252.1   -9.91482e+06 204807
16800 9029  12.7489 46326.7   -9.91812e+06 204839
16900 9031  12.7489 46420.1   -9.92144e+06 204832
17000 9032  12.7489 46487.7   -9.9232e+06 204848
17100 9032  12.7489 46553.5   -9.9232e+06 204848
17200 9034  12.7489 46606.6   -9.92616e+06 204855
17300 9036  12.7489 46663.2   -9.92876e+06 204875
17400 9038  12.7489 46729.4   -9.93201e+06 204888
17500 9040  12.7489 46797.8   -9.93561e+06 204922
17600 9040  12.7489 46855.1   -9.93561e+06 204922
17700 9040  12.7489 46910.5   -9.93561e+06 204922
17800 9040  12.7489 46975.5   -9.93561e+06 204922
17900 9040  12.7489 47038.4   -9.93561e+06 204922
18000 9040  12.7489 47100.2   -9.93561e+06 204922
18100 9041  12.7489 47163.6   -9.93682e+06 204927
18200 9041  12.935 47231.7   -9.93682e+06 204927
18300 9041  12.935 47292.1   -9.93682e+06 204927
18400 9041  12.935 47345.8   -9.93682e+06 204927
18500 9042  12.935 47396.8   -9.93797e+06 204940
18600 9044  12.935 47454.6   -9.9401e+06 204960
18700 9046  12.935 47509   -9.94295e+06 204948
18800 9046  12.935 47570.7   -9.94295e+06 204948
18900 9046  12.935 47642.7   -9.94295e+06 204948
19000 9046  12.935 47711.9   -9.94295e+06 204948
19100 9049  12.935 47775.6   -9.94828e+06 205019
19200 9050  12.935 47822.3   -9.94991e+06 205025
19300 9051  12.935 47877.6   -9.95129e+06 205053
19400 9051  12.935 47937.1   -9.95129e+06 205053
19500 9051  12.935 47990   -9.95129e+06 205053
19600 9051  12.935 48040.4   -9.95129e+06 205053
19700 9052  12.935 48090.4   -9.95289e+06 205047
19800 9054  12.935 48152.8   -9.95595e+06 205064
19900 9055  12.935 48200.4   -9.95744e+06 205075
20000 9055  12.935 48251.5   -9.95744e+06 205075
20100 9055  12.935 48303.2   -9.95744e+06 205075
20200 9055  12.935 48355.4   -9.95744e+06 205075
20300 9056  12.935 48400.1   -9.95918e+06 205070
20400 9056  12.935 48441   -9.95918e+06 205070
20500 9057  12.935 48487.3   -9.96092e+06 205087
20600 9059  12.935 48540.6   -9.96429e+06 205116
20700 9059  12.935 48588.3   -9.96429e+06 205116
20800 9059  12.935 48625.6   -9.96429e+06 205116
20900 9061  12.935 48682.7   -9.96676e+06 205137
21000 9061  12.935 48739.6   -9.96676e+06 205137
21100 9061  12.935 48784   -9.96676e+06 205137
21200 9061  12.935 48830.7   -9.96676e+06 205137
21300 9061  12.935 48881.6   -9.96676e+06 205137
21400 9062  12.935 48932.4   -9.96805e+06 205141
21500 9064  12.935 48978.6   -9.96958e+06 205187
21600 9066  12.935 49037.2   -9.9721e+06 205214
21700 9066  12.935 49088.9   -9.9721e+06 205214
21800 9067  12.935 49147.1   -9.97336e+06 205214
21900 9070  12.935 49200.6   -9.97712e+06 205238
22000 9070  12.935 49235.2   -9.97712e+06 205238
22100 9071  12.935 49277.8   -9.97863e+06 205247
22200 9071  12.935 49322.6   -9.97863e+06 205247
22300 9071  12.935 49369.3   -9.97863e+06 205247
22400 9072  12.935 49415.2   -9.98087e+06 205258
22500 9072  12.9525 49474.5   -9.98087e+06 205258
22600 9072  12.9525 49524.1   -9.98087e+06 205258
22700 9074  12.9525 49582.8   -9.98475e+06 205317
22800 9076  12.9525 49627.7   -9.98817e+06 205365
22900 9077  12.9525 49674.6   -9.98924e+06 205367
23000 9077  12.9525 49720.4   -9.98924e+06 205367
23100 9077  12.9525 49776.3   -9.98924e+06 205367
23200 9077  12.9525 49827.3   -9.98924e+06 205367
23300 9078  12.9525 49871.6   -9.99095e+06 205407
23400 9078  12.9525 49910.2   -9.99095e+06 205407
23500 9078  12.9525 49958.2   -9.99095e+06 205407
23600 9078  12.9525 50001   -9.99095e+06 205407
23700 9078  12.9525 50044.5   -9.99095e+06 205407
23800 9079  12.9525 50080   -9.99214e+06 205417
23900 9079  13.0578 50125   -9.99214e+06 205417
24000 9079  13.1211 50161.2   -9.99214e+06 205417
24100 9080  13.1211 50204   -9.99369e+06 205443
24200 9082  13.1211 50266.3   -9.99683e+06 205493
24300 9083  13.1211 50322.4   -9.99846e+06 205489
24400 9083  13.1211 50371.5   -9.99846e+06 205489
24500 9083  13.1211 50413.9   -9.99846e+06 205489
24600 9083  13.1211 50473.4   -9.99846e+06 205489
24700 9086  13.1211 50525.4   -1.00034e+07 205499
24800 9087  13.1211 50571.2   -1.00054e+07 205531
24900 9087  13.1211 50621.9   -1.00054e+07 205531
25000 9089  13.1211 50669.6   -1.00091e+07 205537
25100 9090  13.1211 50704.6   -1.00103e+07 205531
25200 9090  13.1211 50749.2   -1.00103e+07 205531
25300 9090  13.3179 50802.1   -1.00103e+07 205531
25400 9091  13.3179 50858   -1.0012e+07 205555
25500 9091  13.3179 50905.4   -1.0012e+07 205555
25600 9093  13.3179 50950.8   -1.00164e+07 205647
25700 9093  13.3179 50998.6   -1.00164e+07 205647
25800 9095  13.3179 51062.3   -1.00196e+07 205677
25900 9095  13.3179 51105.2   -1.00196e+07 205677
26000 9096  13.3179 51153.1   -1.0021e+07 205690
26100 9096  13.3179 51197.8   -1.0021e+07 205690
26200 9096  13.3179 51237.2   -1.0021e+07 205690
26300 9099  13.3179 51280.6   -1.00256e+07 205744
26400 9099  13.3179 51313.2   -1.00256e+07 205744
26500 9102  13.3179 51365.2   -1.00302e+07 205761
26600 9104  13.3179 51419.7   -1.00329e+07 205812
26700 9104  13.4102 51467.7   -1.00329e+07 205812
26800 9104  13.4102 51510.1   -1.00329e+07 205812
26900 9105  13.4102 51553.3   -1.00341e+07 205814
27000 9106  13.4102 51595.5   -1.00361e+07 205844
27100 9107  13.4102 51635.3   -1.00375e+07 205841
27200 9108  13.4102 51669.5   -1.00387e+07 205852
27300 9110  13.4102 51714   -1.00414e+07 205846
27400 9110  13.7036 51762.3   -1.00414e+07 205846
27500 9110  13.7036 51808.1   -1.00414e+07 205846
27600 9112  13.8583 51860.5   -1.0044e+07 205891
27700 9113  13.8583 51897.2   -1.00457e+07 205884
27800 9113  13.8583 51938.6   -1.00457e+07 205884
27900 9114  13.8583 51979.3   -1.00471e+07 205886
28000 9114  13.8583 52016.1   -1.00471e+07 205886
28100 9114  13.8583 52052.2   -1.00471e+07 205886
28200 9116  13.8583 52104.7   -1.00501e+07 205903
28300 9117  13.8583 52148.5   -1.00518e+07 205897
28400 9117  13.8583 52199.2   -1.00518e+07 205897
28500 9117  13.8583 52242.8   -1.00518e+07 205897
28600 9118  13.8583 52300.5   -1.0054e+07 205940
28700 9118  13.8583 52338   -1.0054e+07 205940
28800 9118  13.8583 52369.8   -1.0054e+07 205940
28900 9118  13.8583 52418   -1.0054e+07 205940
29000 9118  13.8583 52464.2   -1.0054e+07 205940
29100 9118  13.8583 52499.7   -1.0054e+07 205940
29200 9120  13.8583 52557   -1.00578e+07 205939
29300 9120  13.8583 52601.8   -1.00578e+07 205939
29400 9120  13.8583 52629   -1.00578e+07 205939
29500 9121  13.8583 52672.9   -1.00591e+07 205942
29600 9122  13.8583 52706   -1.00604e+07 205954
29700 9122  13.8583 52744.8   -1.00604e+07 205954
29800 9122  13.8583 52792.9   -1.00604e+07 205954
29900 9125  13.8583 52843.4   -1.00643e+07 206018
30000 9125  13.8583 52872.9   -1.00643e+07 206018
30100 9125  13.8583 52907.5   -1.00643e+07 206018
30200 9126  13.8583 52952   -1.00656e+07 206033
30300 9127  13.8583 52996.3   -1.00676e+07 206068
30400 9127  13.8583 53025.7   -1.00676e+07 206068
30500 9129  13.8583 53056.9   -1.00713e+07 206081
30600 9129  13.8583 53095.9   -1.00713e+07 206081
30700 9131  13.8583 53129.2   -1.00734e+07 206121
30800 9132  13.8583 53174.7   -1.00748e+07 206135
30900 9133  13.8583 53218.2   -1.0076e+07 206144
31000 9133  13.8583 53246.2   -1.0076e+07 206144
31100 9133  13.8583 53286.8   -1.0076e+07 206144
31200 9134  13.8583 53323.4   -1.00775e+07 206176
31300 9134  13.8583 53363.2   -1.00775e+07 206176
31400 9134  13.8583 53389.9   -1.00775e+07 206176
31500 9134  13.8583 53422.1   -1.00775e+07 206176
31600 9135  13.8583 53457.8   -1.00784e+07 206189
31700 9135  13.8583 53488.3   -1.00784e+07 206189
31800 9135  13.8583 53527   -1.00784e+07 206189
31900 9135  13.8583 53559.9   -1.00784e+07 206189
32000 9136  13.8583 53588.3   -1.00808e+07 206251
32100 9136  13.8583 53617.3   -1.00808e+07 206251
32200 9137  13.8583 53650.1   -1.00818e+07 206271
32300 9137  13.8583 53681.8   -1.00818e+07 206271
32400 9137  13.8583 53722.3   -1.00818e+07 206271
32500 9139  13.8583 53759.4   -1.00852e+07 206311
32600 9140  13.8583 53802   -1.00869e+07 206340
32700 9140  13.8583 53840.2   -1.00869e+07 206340
32800 9141  13.8583 53867.9   -1.00876e+07 206365
32900 9143  13.8583 53898   -1.00894e+07 206399
33000 9144  13.8583 53932.4   -1.0091e+07 206435
33100 9144  13.8583 53963.4   -1.0091e+07 206435
33200 9146  13.8583 54004.9   -1.00944e+07 206480
33300 9146  13.8583 54036.1   -1.00944e+07 206480
33400 9146  13.8583 54065.7   -1.00944e+07 206480
33500 9146  13.8583 54096.6   -1.00944e+07 206480
33600 9146  13.8583 54138.7   -1.00944e+07 206480
33700 9146  13.8583 54177.1   -1.00944e+07 206480
33800 9146  13.8583 54210.8   -1.00944e+07 206480
33900 9146  13.8583 54250.7   -1.00944e+07 206480
34000 9146  13.8583 54287.1   -1.00944e+07 206480
34100 9146  13.8583 54318.5   -1.00944e+07 206480
34200 9146  13.8583 54353.3   -1.00944e+07 206480
34300 9149  13.8583 54391.3   -1.00996e+07 206500
34400 9149  13.8583 54423.4   -1.00996e+07 206500
34500 9149  13.8583 54451.1   -1.00996e+07 206500
34600 9149  13.8583 54480.3   -1.00996e+07 206500
34700 9149  13.8583 54509.5   -1.00996e+07 206500
34800 9149  13.8583 54546.5   -1.00996e+07 206500
34900 9150  13.8583 54578.9   -1.01009e+07 206496
35000 9152  13.8583 54603.7   -1.0104e+07 206524
35100 9153  13.8583 54633.5   -1.01059e+07 206558
35200 9153  13.8583 54661.7   -1.01059e+07 206558
35300 9154  13.8583 54692.5   -1.0107e+07 206565
35400 9156  13.8583 54721.8   -1.0111e+07 206610
35500 9156  13.8583 54766.3   -1.0111e+07 206610
35600 9156  13.8583 54806.6   -1.0111e+07 206610
35700 9156  13.8583 54842.3   -1.0111e+07 206610
35800 9157  13.8583 54878.3   -1.01123e+07 206628
35900 9157  13.8583 54903.8   -1.01123e+07 206628
36000 9157  13.8583 54934.4   -1.01123e+07 206628
36100 9158  13.8583 54971.2   -1.01139e+07 206625
36200 9158  13.8583 55001.1   -1.01139e+07 206625
36300 9158  13.8583 55031.5   -1.01139e+07 206625
36400 9158  13.8583 55062.3   -1.01139e+07 206625
36500 9159  13.8583 55093   -1.01151e+07 206626
36600 9159  13.8583 55118.7   -1.01151e+07 206626
36700 9160  13.8583 55153.3   -1.01169e+07 206645
36800 9160  13.8583 55178.1   -1.01169e+07 206645
36900 9162  13.8583 55199.4   -1.01209e+07 206679
37000 9164  13.8621 55233.2   -1.01241e+07 206688
37100 9165  13.8621 55258.1   -1.01252e+07 206704
37200 9167  13.8621 55281.4   -1.0129e+07 206745
37300 9167  13.8621 55309.5   -1.0129e+07 206745
37400 9168  13.8621 55339.1   -1.01306e+07 206745
37500 9169  13.8621 55374   -1.01323e+07 206765
37600 9170  13.8621 55406   -1.01343e+07 206760
37700 9170  13.8621 55432.2   -1.01343e+07 206760
37800 9170  13.8621 55456.4   -1.01343e+07 206760
37900 9170  13.8621 55477.4   -1.01343e+07 206760
38000 9170  13.8621 55504.8   -1.01343e+07 206760
38100 9170  13.8621 55528.9   -1.01343e+07 206760
38200 9170  13.8621 55552.9   -1.01343e+07 206760
38300 9170  13.8621 55575.8   -1.01343e+07 206760
38400 9171  13.8621 55602.3   -1.01356e+07 206753
38500 9172  13.8621 55630.9   -1.01372e+07 206750
38600 9172  13.8621 55654.1   -1.01372e+07 206750
38700 9172  13.8621 55678.3   -1.01372e+07 206750
38800 9172  13.8621 55711.7   -1.01372e+07 206750
38900 9173  13.8621 55740.8   -1.01379e+07 206773
39000 9173  13.8621 55764.8   -1.01379e+07 206773
39100 9173  13.8621 55784.1   -1.01379e+07 206773
39200 9173  13.8621 55803.3   -1.01379e+07 206773
39300 9173  13.8621 55827   -1.01379e+07 206773
39400 9173  13.8621 55850.9   -1.01379e+07 206773
39500 9173  13.8621 55868.9   -1.01379e+07 206773
39600 9173  13.8621 55889.8   -1.01379e+07 206773
39700 9173  13.8621 55911.8   -1.01379e+07 206773
39800 9173  13.8621 55931.1   -1.01379e+07 206773
39900 9173  13.8621 55949.4   -1.01379e+07 206773
40000 9173  13.8621 55976.6   -1.01379e+07 206773
